70.0273
65.9795
70.1709
76.4935
70.165
75.9308
54.3447
61.2108
69.9861
80.4726
60.807
69.8886
84.9643
74.5676
80.143
53.8085
73.2324
66.6831
67.1513
79.1959
77.4627
61.5332
54.5142
77.1558
62.9502
80.3016
68.1446
64.6501
80.948
64.4387
71.7607
69.746
69.2663
81.0465
66.8331
94.5606
70.6243
72.4664
69.6857
63.912
66.7276
84.3116
64.3843
82.5044
64.5471
70.6587
68.0895
71.4897
67.4975
68.2552
66.323
68.8801
73.407
68.9766
72.6457
53.7201
68.1071
72.8269
73.125
80.7908
69.1887
64.2535
79.1208
73.7992
70.7842
56.8677
68.041
75.8533
83.4808
76.8616
75.0134
72.7118
72.8002
68.502
57.7471
65.6866
80.5692
53.4562
65.9272
56.7171
71.0179
95.6152
81.6031
90.5979
80.2876
61.9772
55.5893
67.4835
68.9702
84.8279
85.7509
96.193
68.7797
74.1866
78.1156
74.0192
68.8884
78.6153
83.5698
72.528
63.1515
66.6629
70.5807
65.4863
67.4746
79.2559
68.8983
63.9255
90.4383
91.6397
78.8739
86.3436
63.2419
61.427
66.3762
81.9301
77.4249
72.7693
71.3163
86.6846
79.0656
53.7311
72.1987
92.2393
75.835
93.8437
76.5679
67.523
68.8416
88.4501
75.6737
90.9664
71.651
67.642
75.6838
75.0133
78.7851
68.0916
64.6812
77.3237
67.3838
57.1743
68.4727
61.9287
70.9779
67.3945
84.1631
65.9365
64.5575
65.7273
65.3777
80.5248
69.9479
70.4478
72.1309
64.8754
77.7446
62.1244
82.8774
55.5801
61.7117
58.4476
76.4195
85.5156
74.4579
69.5276
66.5563
73.7034
74.4947
55.5718
65.6672
66.6219
62.1132
89.2739
76.8106
74.8989
64.0754
65.1157
73.6827
79.653
63.4809
58.796
70.4227
71.8235
67.6613
59.804
58.7916
77.2876
76.0939
67.3434
71.0107
91.1741
74.5317
92.044
69.2579
72.6659
74.9034
75.6436
74.5544
80.7577
82.8379
78.9394
69.0157
72.6515
67.758
51.7481
65.4512
92.755
71.1935
62.111
57.7148
74.9621
65.5583
76.3483
77.527
61.0511
65.5135
62.305
80.2005
68.419
75.8961
74.5135
73.6747
80.7011
76.8147
72.6261
85.9923
70.0862
57.4426
67.3582
66.2773
54.114
70.959
94.5562
77.1337
64.9469
70.848
64.9934
76.0323
73.5476
63.3059
80.3738
76.475
73.6374
69.94
77.943
71.8247
76.3875
63.4397
94.2571
89.1889
68.1511
64.8041
65.6741
61.9481
65.7445
82.1537
72.5988
82.0794
55.1302
76.9317
66.2792
78.4442
63.4602
73.3188
62.3495
74.3699
75.6125
65.2612
98.7062
77.9089
80.171
83.5931
71.6266
71.0464
72.7882
66.1529
71.9614
78.019
67.6778
61.2569
69.1857
69.0277
68.2025
79.3302
77.657
65.2083
52.9057
73.5448
79.2261
79.0187
76.4596
76.0972
84.1233
68.2267
63.5973
83.1438
80.2267
75.6699
63.2383
72.4621
62.0715
60.7709
73.2433
63.4886
73.3075
79.0476
64.9411
57.7579
77.01
60.5637
89.6927
55.7863
62.4533
88.2723
64.4077
75.0496
78.8016
69.578
74.2634
80.9257
83.657
83.0376
73.7988
55.2525
81.9931
61.9675
62.5842
60.4093
67.9844
83.4209
54.1468
58.7139
55.3462
63.5817
55.8523
65.9803
63.0371
54.7986
70.7709
81.3232
54.0674
72.6581
79.1812
72.6035
69.7174
88.8478
71.1579
65.9133
58.5071
75.4805
68.0898
63.3911
66.5959
76.311
89.4674
64.7567
75.3821
74.2953
52.3378
64.7727
68.6107
74.4528
77.4438
74.9752
75.0304
80.9291
70.0931
63.3629
67.3628
84.7818
76.5521
79.4334
80.0229
75.9923
66.2627
74.7495
78.1522
77.265
72.3497
66.1641
72.2944
54.6041
62.5273
70.1523
69.9947
69.031
74.6575
65.3938
68.3018
75.7731
61.8715
61.3938
68.9106
72.6582
71.2059
80.6078
74.6898
74.2453
84.303
62.7984
61.5428
72.8325
82.4872
71.1221
68.7666
69.0906
79.5278
50.3905
87.627
66.6305
74.8603
65.554
85.7585
69.9411
84.5286
78.9283
78.3139
86.4737
77.7346
65.4994
69.9354
66.8994
67.2787
80.663
60.3135
64.4773
85
73.1223
68.728
82.6107
80.8332
74.7425
78.954
68.1347
60.9504
77.3851
64.0615
77.3411
68.0262
71.5997
79.2777
69.2501
76.8872
62.8305
74.3912
57.8595
73.0142
79.2186
76.6359
81.1785
67.9963
61.8842
56.6876
69.9609
68.5577
61.3749
65.7562
75.4176
60.2935
72.9844
70.6779
80.9341
78.4583
78.798
64.452
66.4095
68.5967
49.4735
78.1323
76.8009
64.4789
88.0651
76.6384
77.0686
68.57
74.4447
65.3889
88.4897
93.5332
72.9385
76.5816
77.9599
63.7583
75.7211
83.0262
76.5733
75.2309
85.8338
67.1271
63.8994
75.5987
70.0156
68.9852
71.0034
66.84
60.4639
71.4119
71.9648
64.6762
61.1981
77.5615
70.9357
79.5173
66.3174
75.7028
83.0269
77.2641
75.1294
63.7019
72.8858
74.6469
88.7409
75.1433
63.3421
77.3856
73.5153
74.2041
80.6933
61.2132
66.4921
68.1731
61.9908
70.7694
79.0329
76.6276
66.8664
69.508
74.9477
62.7297
74.4983
83.5111
74.475
62.9696
71.6606
60.412
61.2556
82.4588
75.0973
71.6429
68.8923
67.0074
85.2481
83.2025
92.6811
67.9005
65.86
81.827
64.5374
65.6218
74.7078
64.5667
76.4451
71.5005
71.5319
66.3142
69.3367
57.4969
96.9544
65.2133
59.3965
79.5923
82.9134
51.2999
67.6853
70.5911
75.4889
72.7082
65.3125
72.0619
77.1003
76.8757
77.0064
80.2695
75.6767
81.3535
87.5851
75.9178
67.1071
67.7665
76.7195
75.7615
64.2248
74.0798
64.6926
74.2775
64.8764
63.0814
66.1673
73.2282
55.9455
79.7999
80.2778
73.1483
75.6012
62.9492
65.4003
93.8022
74.8627
84.3109
59.6043
82.0005
70.9736
72.3397
76.4212
61.099
69.5787
70.5301
90.8436
82.0054
67.4528
81.9483
89.1224
77.5259
82.9386
72.362
72.6412
67.9005
68.768
88.0597
63.3517
82.1727
65.4945
60.9329
69.4604
53.7658
76.0477
76.6379
73.0023
60.7678
73.3432
77.4939
75.0333
78.376
56.3417
81.4669
80.0569
52.0009
60.3155
65.0324
75.6847
63.6883
60.5761
70.6108
89.0278
88.4715
86.2532
75.9496
62.6657
76.8342
69.3619
65.7479
68.4494
75.5131
64.9373
72.0232
58.1778
75.9841
77.8798
64.9522
80.217
77.3072
58.9396
65.4998
53.4773
66.7521
69.4652
60.3539
71.2491
89.7061
84.8554
82.1965
74.4872
79.6282
77.7408
76.3693
74.0363
91.0988
59.6959
69.1052
83.8088
65.7137
68.3185
88.1559
79.8858
58.9383
73.6935
93.0394
65.2823
72.5843
63.5514
65.707
89.13
68.9425
88.8063
65.7172
69.9108
75.7464
73.4802
68.9948
64.8261
82.6534
66.1473
88.5441
80.2295
63.3703
85.4361
73.6064
59.7062
71.44
56.9244
66.6761
58.3772
75.5363
74.3217
68.5557
70.1495
75.6672
63.3988
59.8482
66.3472
72.1441
80.7083
55.4916
82.9788
66.832
56.2833
70.1532
64.6472
87.3119
88.0462
84.2323
78.8121
76.9537
88.8052
77.3973
75.4484
72.1505
75.4217
64.3201
73.3155
70.609
70.8707
69.7444
84.5531
55.1973
85.3943
65.8849
69.0244
63.4723
81.0835
72.7069
80.736
69.1981
75.543
75.0736
66.2122
60.9955
78.2827
74.4065
70.3178
64.7339
78.0307
76.7238
69.1808
77.532
70.2087
51.6576
68.3172
87.2249
72.4493
59.5258
69.046
60.837
60.8365
64.1933
74.9296
59.9214
58.5756
64.5383
65.983
74.8402
79.7486
78.4451
67.8495
76.4759
97.2395
78.0094
76.0428
68.6919
62.5174
81.2245
84.6083
71.0191
83.3372
80.5169
53.3659
77.3284
73.5235
93.7429
72.927
74.939
54.0218
66.6398
57.6811
66.7453
83.588
96.753
71.8293
93.031
55.6909
91.4739
59.418
74.9837
80.0063
64.1833
61.4605
71.5393
80.1089
85.582
75.6715
80.3233
67.2633
60.5492
85.674
70.8767
68.8011
78.1934
72.5488
76.4888
71.0878
68.6956
82.0117
80.9435
65.6074
69.6011
76.9702
78.3194
73.1008
73.3438
75.1068
67.766
62.6521
64.0422
86.1054
76.6101
77.4532
58.5386
60.9269
77.3598
65.6821
80.2478
69.8804
67.513
65.4328
76.2704
72.6177
63.0541
77.3639
74.2739
60.0929
76.7969
65.3365
69.3442
61.9783
69.7498
67.8273
68.0205
58.7492
68.6217
80.3888
81.0158
70.8201
70.2629
67.716
81.5826
72.5373
75.5814
72.5031
81.1495
91.2876
72.6451
72.8683
71.4751
84.0746
81.734
69.1999
90.5246
51.8794
67.8688
76.2758
78.453
83.716
82.256
74.9793
65.3913
70.541
77.05
63.5143
65.9159
71.4752
77.0559
84.2313
61.5824
68.4087
78.2626
61.0187
66.2877
71.8261
83.2726
79.0297
81.7479
92.031
85.0444
73.876
59.2293
65.0809
72.3083
78.3873
69.5415
67.8924
71.9032
59.2917
70.5587
77.1913
57.5346
65.894
61.214
69.6139
80.8081
73.119
89.207
95.824
61.8637
70.0049
78.5876
90.0618
75.8797
71.4379
65.199
83.0463
77.5515
81.7227
47.0465
60.7738
87.2443
65.9583
68.9659
72.4231
71.3947
80.7609
66.9661
63.0856
75.9484
77.0918
82.1943
56.1817
65.7623
61.6246
67.4953
65.5398
64.8821
85.4215
65.8681
71.2968
69.6613
80.3282
73.5911
80.9152
79.7916
67.4592
62.8258
69.8876
66.2701
85.7082
79.268
72.3185
61.6193
63.6143
78.2776
63.0277
82.8804
80.9817
77.1531
59.2945
62.0504
74.3182
65.2579
67.8398
62.1825
64.5787
86.6321
74.4153
84.4111
71.4812
68.6264
71.0835
72.442
69.0092
95.0551
77.4438
81.766
71.8788
81.0233
70.4159
81.4093
81.5423
85.4241
71.6299
74.9457
63.6871
64.1029
67.121
65.7582
73.6811
68.2575
73.8057
69.3839
72.7639
68.4689
71.4981
68.9683
61.6967
68.5055
74.5028
68.8853
60.3941
77.0038
73.6594
78.1664
79.0031
85.0046
86.8316
65.2716
66.8328
75.6351
64.8626
79.5336
83.0411
69.7358
67.9296
57.5602
75.3363
73.3529
62.5702
71.249
86.8959
83.9029
86.948
64.5625
65.4599
66.0642
62.9029
96.7574
65.1421
70.2683
65.6978
66.9011
58.3409
66.5707
70.379
77.4529
63.2925
68.1632
56.6536
64.2472
74.8414
69.5406
65.2193
69.7049
67.6636
78.7761
82.0806
77.2241
76.8303
55.1663
77.3694
72.6238
62.9049
73.3982
65.7237
55.5511
90.7878
65.9779
77.5762
71.0807
77.1292
69.9678
70.4554
93.9074
66.3135
74.0297
69.7037
55.932
56.1825
65.8227
76.5432
60.4682
87.7619
81.7244
60.7383
81.9553
66.1607
70.1993
70.0267
72.9325
67.9068
84.9246
63.7794
54.5483
79.6412
56.2488
70.4722
67.6283
66.1122
74.9182
73.7841
58.6021
67.2101
78.7492
65.1257
74.1952
72.5955
69.9987
79.8858
78.166
78.2033
70.8932
76.2449
74.9137
69.5559
74.0373
78.5887
84.3707
95.0313
80.6681
56.5943
57.1356
74.8695
63.6429
65.0352
53.7537
87.1011
64.5092
69.8767
65.1111
83.4813
69.5949
68.3901
78.9322
69.5504
75.8079
72.8599
81.7301
70.0974
66.1601
63.0522
83.6839
69.7597
58.2975
64.4899
67.0394
72.0851
55.7943
78.4785
67.2667
95.6451
73.4898
82.507
76.1252
52.3631
64.419
69.2342
57.7637
80.942
75.6515
73.0169
64.2157
70.8312
74.4252
74.0537
85.6377
75.1737
70.7534
73.0178
70.0715
66.4034
69.1037
66.943
64.9981
63.2749
64.875
60.6606
76.3682
67.6567
62.1743
83.1879
79.145
69.5201
60.9405
79.8642
80.5252
69.0809
83.9068
65.1148
83.8202
73.8187
65.0355
74.4304
79.0364
76.3732
76.6402
91.7928
74.8213
71.8055
90.1267
65.6861
59.4036
76.367
80.9537
85.4231
71.3886
59.4448
68.2045
70.0112
75.3843
83.8104
66.1101
93.5142
64.5623
83.9154
67.8893
57.2745
74.0317
79.7085
67.6703
72.8168
77.3336
72.1029
65.4673
73.9033
69.8446
59.6725
82.0609
93.4689
72.3043
54.5215
73.9857
66.6136
74.632
69.2223
66.716
82.4902
60.7722
68.1996
66.0641
70.9796
84.8621
89.6082
67.8418
62.0767
66.1969
73.287
75.3641
57.2783
64.2516
67.4589
55.8884
62.1475
75.605
69.0743
83.6815
77.6768
73.483
74.6479
63.7988
69.0488
75.4152
77.3402
73.2574
69.7485
87.3541
62.3722
70.8642
68.6223
77.8015
60.6348
86.0712
81.5351
68.6287
73.4245
78.6363
62.8775
65.8258
63.5093
63.7205
69.5119
67.9569
65.2027
82.5759
69.4951
72.6449
65.4633
72.2033
67.8528
83.3006
72.1893
67.9765
62.2326
64.7368
55.8177
71.4908
69.5296
66.7307
69.1995
74.8846
79.4159
69.9557
74.0214
58.5169
76.4745
76.215
83.1725
88.723
78.6715
76.199
59.433
62.616
77.1607
85.2863
64.2962
69.5644
82.6485
74.5862
66.9021
66.8535
72.4969
70.3354
67.8711
71.3733
68.1227
75.9535
68.7727
65.3575
77.2198
75.5159
86.7923
75.3859
56.546
83.3221
70.3622
70.3128
80.5465
67.664
82.8447
77.0756
71.1605
69.6529
68.1664
82.1318
83.8701
69.1892
69.1208
65.5259
80.0777
80.2234
68.2901
73.6075
66.2004
84.3136
74.4088
95.5211
63.3847
75.9856
82.854
77.3984
70.5042
68.9064
78.2243
59.969
69.5565
90.5431
77.5869
67.5454
76.8809
82.0622
56.1305
83.3483
88.7045
75.5327
86.9743
81.104
74.0489
67.8302
70.0215
83.437
75.0847
73.4068
67.4492
68.4874
75.5097
87.0169
70.2479
81.1074
60.4028
74.8231
91.8523
72.0247
84.9337
73.1457
86.0645
71.4907
87.8866
89.716
80.4531
61.8099
78.8568
56.9843
56.6137
74.1177
80.316
76.8221
60.3266
63.2003
66.2832
53.2731
75.8462
77.2707
65.9316
66.8406
60.3846
73.824
79.3963
68.0948
54.8991
58.0864
74.0845
52.1483
85.0374
65.4087
65.3204
72.1909
65.3516
76.2465
54.7359
72.5726
95.0319
67.0453
84.2431
77.5869
73.7465
61.3557
80.6974
61.0423
72.7823
78.4536
61.5011
80.3115
65.8299
80.3021
63.2016
70.982
76.2438
61.9291
75.5646
73.4667
66.9527
90.3399
62.4935
64.3097
92.7875
97.4314
74.4811
67.9913
69.5749
76.5245
77.7966
69.8325
64.4402
87.9381
79.7897
60.9916
74.6409
65.9872
100.423
80.0562
60.747
79.7064
77.9402
63.8257
79.5705
69.2911
64.0094
75.7772
68.9299
75.0151
76.2377
78.2768
84.0673
65.6742
76.6497
80.3612
67.8556
68.6729
78.9872
77.297
60.7805
71.1878
72.9054
74.0167
79.6778
80.116
61.6488
83.7909
61.9579
82.9536
83.3795
81.8686
76.1153
74.8619
68.1094
79.5279
67.1664
71.248
83.2198
63.3508
81.4356
84.295
89.6513
65.7634
65.221
80.3094
66.015
88.225
69.7781
72.8685
67.0481
72.342
75.3434
72.686
83.8653
77.4313
68.8071
68.7399
64.0112
72.0259
82.5548
92.6164
74.9734
58.1985
70.3966
62.0461
75.0082
66.4477
77.6696
77.7763
66.6543
79.1872
85.2758
69.5127
63.586
64.9443
73.4642
67.9529
74.3992
88.4804
70.6112
67.635
61.1727
65.9225
68.2745
80.5458
66.18
78.938
70.7434
80.0775
72.0084
71.5771
62.0661
54.8966
73.2389
79.6371
63.556
73.0137
70.5786
61.0902
68.9736
65.3227
69.0405
67.0354
73.7018
88.8969
75.9379
68.941
75.9002
72.6868
71.1991
76.0936
62.2335
77.419
77.2603
68.6299
73.3934
80.8854
61.1249
85.5267
71.7046
57.2019
62.8566
74.3712
66.8043
75.0851
64.5937
65.9857
65.288
78.4448
72.6612
67.1561
74.5498
76.5996
66.1416
74.2914
98.2299
63.3913
61.866
67.2371
65.4475
68.5873
76.419
85.4254
68.9013
72.4436
64.0975
55.591
77.8706
66.9527
73.6602
68.0056
66.4359
69.4975
95.0802
83.1545
69.9347
84.55
89.0626
72.5666
72.2767
74.3734
93.7347
64.7885
72.7452
75.8921
72.0883
61.2122
77.5284
64.7581
93.0599
81.2551
71.5575
71.233
50.682
64.5936
59.817
66.976
103.092
66.6663
70.979
80.4005
91.0001
64.3245
68.4295
72.9091
69.1925
57.2053
89.3225
77.8678
62.5938
64.8329
70.5486
63.2495
76.6833
69.6625
74.4604
83.0659
87.8151
77.0673
62.9685
70.1832
65.7126
77.0836
87.5204
70.879
92.3022
81.3241
81.5033
85.524
73.1948
50.323
67.3567
72.8997
72.5673
65.9286
75.0278
56.8988
69.0145
63.6353
65.1489
70.0468
67.5821
58.1972
63.5477
75.5742
80.9605
69.6238
82.9762
72.8571
89.5584
50.1355
70.8408
64.9416
63.8505
89.4356
73.2012
77.6506
78.5746
69.2152
72.327
77.41
66.3282
67.7185
66.1811
73.933
67.9648
81.128
65.1938
66.9616
59.2166
72.1881
66.9352
80.1457
68.0432
75.913
66.2555
65.572
72.8593
47.4939
76.2133
68.9003
68.0232
68.4502
60.3936
66.2666
76.7445
60.5251
88.4806
73.219
70.2706
82.8481
73.8078
70.199
72.012
64.9929
68.4488
72.82
75.7606
72.1049
80.6376
81.6943
79.831
84.6476
74.0893
58.0393
75.0251
69.6821
94.3616
63.2812
78.3367
73.3571
69.8171
62.0031
60.8063
72.6666
76.0963
76.7138
66.5917
76.561
77.6017
78.2004
79.775
68.5
65.1008
71.8552
84.7375
61.6514
66.6357
81.3156
69.9067
75.1635
89.9556
80.4759
74.6911
69.9078
75.4032
62.4498
68.6145
64.9348
78.2526
63.3555
82.9354
74.2438
78.0258
68.1327
67.5386
66.9563
79.5838
74.7129
64.3245
61.3259
77.0893
59.7369
63.2498
68.6175
80.3856
65.3075
85.0798
70.3105
72.4737
61.2665
93.5567
64.8546
82.6115
81.8426
60.0866
82.3228
55.3756
49.5808
71.2126
80.3024
76.8901
67.2014
84.7192
75.5689
72.1962
69.9344
84.5757
78.9459
71.0207
80.6488
68.2724
76.7996
71.786
59.7626
57.12
76.0138
64.4999
72.2153
81.4244
57.21
59.0871
65.5517
78.1003
68.4123
81.6874
65.2725
64.6768
64.8409
79.77
77.1315
58.2311
76.3792
67.8829
68.6407
58.9921
73.6327
77.7427
58.6234
78.7921
95.8116
64.456
67.1206
54.4678
68.3781
76.8093
67.2044
82.0234
63.1309
60.6923
72.5
67.3284
72.1798
79.6244
88.3905
75.5528
79.3934
75.9991
63.6109
74.6366
59.319
73.7414
72.5691
78.6744
71.052
67.4739
69.409
71.5114
80.7668
63.13
69.2565
63.1638
62.6854
70.7678
65.8049
79.3083
71.7533
76.1851
77.5971
82.1139
86.3598
61.3031
72.795
74.4439
77.0271
65.8984
58.9902
60.641
67.6367
59.3341
62.8061
60.2988
70.4996
56.3129
77.8368
72.748
65.1498
73.8038
93.7361
69.2991
80.7157
63.1641
72.4342
69.6272
63.9375
60.952
70.9073
75.92
72.4796
73.9448
61.9466
76.5516
69.0161
65.6977
76.1259
76.954
60.8814
67.3418
81.6957
57.2549
56.4933
64.1436
69.5724
73.5799
80.3164
71.3964
67.8975
74.3494
83.4063
82.785
79.675
71.9544
70.5298
74.387
65.3575
56.928
69.5228
65.5486
58.4741
81.3345
66.7433
91.4926
54.1739
60.5627
71.0665
77.475
60.2384
87.5616
77.1897
77.2191
77.135
61.6508
88.6961
81.6812
90.7608
68.8184
80.2572
79.4028
72.6907
69.9724
84.7888
78.2095
76.9217
62.4576
73.52
72.8501
63.1044
62.9745
82.0677
79.2072
58.9506
63.7844
85.2792
70.3044
52.1758
84.3465
82.0893
73.4782
81.5363
79.3858
68.7568
62.734
62.5326
73.9587
69.4809
86.605
77.5007
72.82
74.5692
57.2789
74.8227
61.3136
64.9248
88.1068
62.1957
57.812
83.6721
74.6426
82.4253
92.1372
55.7645
74.4095
63.0955
58.5867
68.6681
69.6865
64.745
66.3992
68.6121
57.3033
68.1147
59.5018
75.8585
79.4961
54.5393
74.3645
66.3906
67.3671
79.4564
76.9121
61.8038
73.7271
64.367
80.1902
61.9602
71.881
64.7155
83.7255
61.5508
63.7826
74.4743
74.0429
68.8173
68.2617
59.6589
74.0482
79.5967
68.28
60.934
71.2031
57.749
76.2463
61.5736
83.0948
75.876
74.9423
70.4729
83.5339
66.3895
67.7089
63.9199
78.2865
62.8372
68.9891
96.4835
75.7306
80.5918
77.9404
69.8404
64.144
66.9382
88.5418
73.6852
79.4596
77.014
76.5561
79.9891
64.3177
71.6499
83.4377
79.2733
68.0436
77.0648
57.3514
75.5961
81.9644
58.6927
70.9728
63.6166
70.783
75.2579
67.3189
76.1182
64.8875
65.1352
69.8908
66.592
71.2036
70.1274
74.9129
70.4062
83.8827
75.2996
65.1194
67.8254
54.2147
65.5197
72.1383
86.0686
71.5902
76.9336
69.0459
74.5528
61.533
76.7907
62.3844
53.053
91.489
68.1312
77.9491
79.2218
89.4516
83.4243
76.2119
60.8865
77.8494
75.5969
71.9844
76.3105
72.9892
83.4286
64.3541
93.4177
79.6886
64.5714
68.0641
64.9687
74.7419
79.7266
83.8787
73.6611
72.0698
84.9436
86.9947
71.5516
75.263
76.5994
75.683
75.2816
75.6883
65.1697
74.0869
68.8905
69.2986
63.0623
87.4361
72.8724
76.0479
76.5803
82.1526
75.3782
77.3959
70.6302
72.1968
74.7511
76.5629
60.4013
59.7038
72.3642
84.5178
77.5096
72.1376
64.6327
66.7169
82.8942
81.8676
74.0193
77.156
70.8512
88.7545
66.056
79.2893
74.629
67.1057
77.6526
69.0423
63.8069
95.1002
71.9079
73.509
71.9056
67.1072
72.8109
78.7242
90.7259
66.4954
69.3471
75.5615
76.3068
53.7756
82.8656
79.4885
66.7156
80.3324
71.4482
84.9166
74.1016
68.5434
65.1146
68.8735
76.8305
61.0807
72.8354
64.0582
80.2014
76.0689
64.1021
89.4294
84.5908
86.5531
76.5109
76.2787
65.6483
76.4898
71.8358
53.5992
73.0974
76.1923
87.1437
81.9217
79.1241
71.7513
83.0484
57.3255
81.9765
72.6366
84.8139
63.2508
76.5584
86.9693
92.7817
55.7031
79.9457
71.8118
63.9556
55.1616
76.7386
61.0948
59.5416
69.7648
70.896
67.9527
78.8242
69.0648
78.8905
60.3018
72.7127
76.6089
64.9435
70.2641
71.3089
74.3333
68.666
62.1511
65.3321
82.8806
83.2857
74.0621
70.2625
58.0298
68.7707
92.9003
68.0294
76.2934
70.3549
71.2007
83.2218
63.184
72.2958
75.7971
59.7877
77.4273
76.3429
76.2764
81.4538
85.5196
81.0462
79.7944
70.1861
63.8373
67.4856
58.2885
74.4816
76.1552
64.642
74.7121
72.0387
100.306
72.2967
66.3178
80.6046
87.5482
70.1172
75.7598
58.8035
74.4048
58.9795
77.4565
88.692
69.0477
66.6091
79.0854
65.1822
66.4441
80.6961
73.6762
67.208
63.4843
81.7333
55.9874
69.7265
77.7897
67.053
78.6458
69.2968
70.9716
61.6783
68.8797
73.9516
67.4632
78.2154
64.3221
80.801
71.0222
66.5719
83.063
70.6411
77.4869
69.0139
63.4512
72.1665
76.318
82.4996
70.5771
68.6248
67.4446
90.0012
61.5859
74.7523
64.0834
80.4359
59.0755
63.9762
83.2695
74.1428
74.1043
62.4961
73.8598
63.9475
78.0766
73.8748
56.5435
92.9128
77.6983
73.0283
86.9335
77.7793
72.6121
66.336
54.9982
72.0149
79.0359
75.0495
68.2651
81.8546
68.2954
72.5843
56.9442
66.0479
68.0854
69.5158
72.4425
70.7009
81.1503
63.9403
64.1324
67.1015
71.0016
69.4408
88.8421
78.9229
76.0389
70.9081
75.7081
60.9802
78.4432
56.0653
69.2275
70.2829
72.5825
73.7584
77.1894
79.2815
70.5018
70.9018
73.7645
75.5655
80.2189
85.3493
77.9493
63.4372
65.8104
75.9451
63.7042
84.4935
56.0947
75.4657
66.2362
71.2429
65.4569
69.2532
68.4751
84.7438
69.3646
62.4629
67.2896
68.5707
73.3387
70.4151
63.5971
79.3259
68.7908
68.6036
60.7516
73.6452
71.8236
70.0732
77.1546
65.789
61.1713
78.1376
73.1039
78.1978
71.7728
84.1691
68.118
72.5914
71.0567
63.2742
64.3597
58.8212
68.7573
69.8471
70.975
76.1084
66.9226
63.8422
58.6342
67.6362
75.7369
70.1947
72.3921
65.8609
79.3051
67.7351
74.7326
63.981
62.1735
72.1291
71.1804
59.7239
81.6508
84.4726
67.4522
68.6192
72.9796
71.9
66.7983
80.4687
68.5051
73.6612
69.3114
58.177
73.7559
93.2982
66.038
60.6617
80.923
87.1184
79.9868
66.2964
61.9207
68.9407
79.9762
74.0362
78.2087
67.0939
64.6538
62.0806
77.6843
76.7655
72.631
58.6685
68.9959
65.9341
59.3229
79.1976
66.0334
65.7591
70.9963
87.1397
66.7966
66.1103
88.1018
69.0312
74.2224
67.7098
92.229
87.6734
67.5202
74.1695
79.1117
82.0628
67.0561
90.0232
62.2301
76.1486
71.124
62.6283
79.0374
73.3882
76.9955
74.491
69.0942
71.6685
72.487
87.9026
72.2438
75.7022
71.581
64.3532
68.2643
86.0668
70.5107
69.397
82.97
77.1686
59.9819
75.2784
78.1432
69.5586
61.0884
53.446
59.4852
87.0831
74.1485
68.4712
58.4078
59.7467
66.7967
88.6434
55.6423
70.2503
77.4122
65.1368
81.4691
60.9637
62.3773
55.5026
68.6952
84.7974
86.3199
62.7597
85.9388
78.9737
63.7535
72.6194
65.6275
85.9113
64.6379
73.0124
66.4617
78.9079
65.2261
78.2638
66.4656
73.0231
77.4021
69.8299
56.5316
87.2568
75.4087
77.9251
65.6226
75.9609
70.565
90.9487
71.9963
71.5509
70.4019
60.2016
73.177
80.2141
75.7041
68.1949
64.6304
70.6722
71.203
64.6339
68.0171
69.4386
66.5894
65.9775
58.9313
62.0374
66.5157
79.5894
73.6125
75.0235
85.3164
62.0153
75.9415
69.2598
68.9916
73.1754
81.0341
81.7011
80.4853
87.8217
82.7177
75.2546
71.9949
71.4751
80.5433
77.382
61.7397
85.2187
75.4138
64.1235
58.695
67.7222
73.2588
68.2011
66.3952
83.6476
71.9839
70.9392
58.4298
72.3014
83.2348
57.4789
59.7416
72.9569
64.0616
68.1708
51.1975
72.9194
72.4465
55.2678
74.1018
55.1133
75.6751
70.3574
83.4
85.3918
69.7282
69.8426
63.2741
76.9513
74.2244
82.9024
78.1329
54.9738
59.451
74.9579
57.9626
73.3076
64.2326
83.7838
72.0736
71.5276
73.498
87.3874
79.874
78.6774
61.9736
65.2544
67.7954
66.987
71.6855
73.0798
93.0255
60.8471
71.5282
51.0413
74.8355
70.3468
77.9239
75.7085
65.8685
85.3223
71.0657
78.8148
71.3298
69.8327
71.6146
77.5632
55.3801
57.418
59.8129
69.3036
66.1
72.3829
64.0368
77.4042
62.484
69.9127
60.3517
69.1308
68.0873
56.0465
57.8188
61.8024
76.5452
79.3163
68.6964
86.337
63.6335
69.0508
75.3207
72.376
84.2918
66.5664
63.5984
79.4309
65.0712
58.702
71.0902
82.0124
70.3578
81.5074
64.2566
61.0733
72.1539
71.2372
72.2325
60.4672
84.1567
60.1648
75.2395
84.5006
54.4102
90.6283
59.7419
61.869
74.9795
56.565
59.0328
57.2996
64.9615
73.0366
75.2853
70.3708
66.0811
54.4343
67.306
61.003
70.6773
76.5046
77.1697
53.141
89.7453
71.0108
61.9721
73.7083
65.1919
67.0322
71.0789
65.2239
85.459
71.1389
68.8377
74.9199
68.7399
79.3721
83.4841
54.0038
60.4911
78.1152
72.093
72.117
67.739
76.31
67.9758
74.0698
77.8314
70.7712
73.0975
68.5343
81.8837
56.0001
71.2533
89.1779
82.5002
75.8009
66.3926
73.2826
81.8216
86.9478
68.3643
73.2843
64.562
75.5994
61.2464
69.7971
65.0801
73.3662
94.4128
52.1841
75.305
62.5968
58.6441
69.2328
60.991
70.2772
65.8416
76.9902
71.2874
70.9914
63.2849
69.6031
70.9552
73.8466
70.8839
68.0478
82.4683
66.9101
67.7408
72.7964
83.0132
59.7752
74.6432
63.018
78.6895
64.2221
65.6128
71.7779
80.9274
81.2993
65.8756
67.1849
68.2288
50.9331
68.5476
77.8585
65.8502
78.8717
69.9516
90.9971
77.2237
77.9935
80.9375
60.2895
51.0603
70.019
84.8494
72.3194
63.5539
68.5297
69.1193
64.0027
67.8416
53.7679
90.2345
74.1747
72.3016
76.4024
79.6625
61.544
89.8436
82.7721
77.126
65.689
76.9859
64.1439
68.3812
79.2336
68.7784
72.1163
77.482
85.6736
64.4288
63.7982
81.1219
80.2674
74.0582
72.2308
79.9134
86.649
71.6788
57.9396
69.6562
54.6624
62.0523
64.4548
64.6917
77.6288
72.6913
90.5707
84.8641
62.7467
88.3502
82.0393
66.6791
75.1992
57.2867
60.9139
70.9677
59.256
93.4701
80.3543
69.8513
69.0861
77.5472
59.5315
71.2141
65.5317
78.6016
73.1234
62.7132
83.4754
69.81
67.3735
63.896
65.9402
90.6139
66.9723
78.2441
67.1976
77.6245
69.8137
84.0369
68.0168
71.13
68.6592
67.4644
65.5902
58.7233
69.4812
63.1054
78.8082
96.8936
78.0262
66.1443
65.8945
85.7386
77.7045
64.1851
60.6747
89.5168
77.8454
60.3509
65.7889
74.1526
66.0481
65.216
66.2703
62.8996
85.331
75.3402
64.0402
79.0346
55.6177
79.2617
84.9917
74.4747
63.7812
71.5777
69.3545
62.3929
64.0286
67.4401
61.7529
70.2883
69.6135
79.3707
75.3033
60.0302
66.3877
62.993
76.0822
63.1456
70.5472
71.2362
74.6034
78.3546
68.931
79.3451
60.7577
86.7416
74.2782
71.6166
90.6919
69.1405
69.351
67.8864
61.6557
77.0951
74.5407
67.4292
70.8399
69.5162
58.2169
52.3769
78.7019
67.7055
77.547
78.1264
80.3797
74.3418
55.9827
76.6777
59.2875
54.6175
95.3742
76.1128
81.5726
70.2404
76.2507
71.7821
73.4568
83.9121
64.2876
69.3383
52.8272
71.6392
78.808
66.7865
69.1647
73.5591
78.193
83.9677
57.7817
86.2009
80.4689
67.4204
67.0531
81.2452
68.8254
73.3886
72.2493
82.8855
77.3699
58.6842
84.6672
81.2989
81.2291
89.1458
58.6109
83.4974
65.4196
72.7872
68.691
71.7752
74.6055
62.8321
86.7861
62.7517
71.6431
81.984
64.491
65.1089
62.5684
76.545
77.1341
76.5042
70.2134
62.3267
78.9122
73.9723
77.1761
64.1357
68.7719
77.8791
71.0705
83.4847
73.5091
74.8356
71.0504
61.3156
69.2483
75.8206
76.1899
66.9312
64.9123
70.4016
69.3275
94.0641
68.5928
67.1231
89.5788
67.4513
64.8058
94.5229
66.2324
73.4312
73.1838
70.9984
71.666
68.5741
60.5286
82.3781
83.7964
64.0869
69.1689
61.6951
56.7865
88.3133
80.4195
87.0254
70.5074
84.9866
74.9565
77.545
84.8759
69.8552
76.5777
58.33
63.0128
59.7808
82.5286
77.9598
79.7778
68.4769
60.3605
71.6446
80.0067
73.0694
72.5828
67.335
83.6996
79.5568
77.7578
74.7935
74.8925
71.5219
81.3487
77.5925
94.9295
69.406
70.3067
77.0484
80.301
69.4555
61.0491
53.6637
79.2954
66.221
75.5787
80.8522
75.4615
83.4166
78.471
62.5793
82.9865
76.9876
72.2673
80.85
81.6738
75.4994
70.8777
77.4799
67.235
64.2265
65.3044
65.804
70.7678
80.9927
62.9255
58.1068
74.8949
75.6917
57.5926
69.7458
73.0748
72.725
86.6776
61.6073
74.4593
86.4431
57.051
75.6425
67.2788
68.6338
87.4913
75.3061
71.9327
49.8226
74.9105
68.7987
90.9729
64.9262
73.7224
67.9054
61.8428
69.6731
48.827
81.6061
88.9938
56.1265
69.8176
61.6672
69.8155
65.0512
64.8503
63.9947
76.7709
63.9903
76.1858
54.1895
83.4689
66.1021
66.0667
87.7488
86.676
90.8262
77.2174
84.2128
78.5375
77.9364
62.8009
71.9841
69.1628
73.6272
79.1256
83.7989
78.1245
79.6886
77.9314
84.809
62.8834
89.7187
71.0013
67.7701
71.1572
70.7276
85.4266
71.1064
79.3324
69.2177
80.463
76.648
76.1231
69.3168
84.6763
86.1096
72.6646
78.9147
72.4359
59.0652
58.3872
71.6446
59.7461
81.3868
73.6441
59.4387
80.9273
79.6159
80.5598
59.9852
69.3006
68.0041
58.8686
73.7963
67.4976
71.5457
72.0298
74.4134
80.1995
57.4664
71.5745
97.8099
52.1552
78.1406
76.7547
68.7371
84.0874
84.5172
81.0258
74.5989
82.3578
71.7766
84.5741
71.7315
70.4996
67.9761
82.6753
74.1599
77.0391
86.6757
74.3504
65.2977
69.7712
82.055
68.7117
61.1901
72.4945
61.9848
63.0055
60.2582
70.2947
66.437
67.8339
75.4597
86.6259
56.9982
73.8031
58.2949
61.2244
77.8075
77.7846
84.3136
72.5287
64.8528
77.2331
63.5844
61.2951
58.0421
75.6735
75.5022
81.4059
75.3817
66.5026
62.1527
65.4681
73.2101
75.4498
87.1354
74.3382
76.062
74.1875
91.2004
66.4486
63.4407
63.2365
66.3011
74.427
80.5839
82.3904
58.8465
59.1034
76.8386
66.556
84.1371
66.8717
76.606
76.7394
59.6055
71.001
64.9932
79.5376
59.5007
57.7677
73.0286
73.3566
70.2591
71.1307
58.2218
70.2252
64.5452
66.6463
76.4519
64.3074
63.4963
80.0251
71.0181
62.3943
64.5858
71.3576
63.4296
72.1903
62.1064
62.257
56.7547
72.0396
58.7452
67.2328
79.2048
73.9609
71.9298
79.7266
66.9464
67.6773
77.2972
80.2273
78.7156
62.9574
63.6594
64.439
60.1598
52.3397
66.7739
61.6594
67.0664
87.6103
75.2914
74.4379
66.8771
63.7616
62.503
64.3445
82.7407
52.4098
75.8185
54.1035
73.8167
78.276
67.9315
71.3409
67.5569
74.8679
67.3179
75.8975
73.6827
58.0657
54.4107
83.1132
68.3066
56.1293
70.8463
59.617
74.3656
76.5615
62.8275
76.9222
53.0834
72.8507
68.7224
72.7233
73.7236
79.43
78.6879
71.8405
78.7428
69.1966
66.9703
85.3158
68.7811
83.2538
68.411
60.6319
72.3973
76.5737
71.7188
75.07
64.846
76.5438
81.658
77.3793
78.4408
71.8459
68.2025
66.5972
81.8197
88.4037
67.8652
62.972
74.1301
64.0332
77.1146
77.5831
74.4449
79.693
74.8501
72.5641
87.8699
77.899
74.8982
75.0926
73.0041
85.2453
70.7918
84.0296
59.0512
57.5497
76.2497
83.965
66.5821
66.9683
62.4162
61.67
73.9893
79.7743
75.4876
69.4195
84.7421
66.9816
66.5721
67.4465
72.0999
84.9041
75.615
66.1367
71.4417
79.0528
76.6437
63.5321
79.958
68.2586
63.1895
76.5101
76.1781
81.4279
77.9961
59.6392
80.694
65.2328
80.1704
61.8162
71.1272
87.6953
67.1815
62.2184
66.8082
83.5265
86.1437
68.31
80.0732
91.2233
67.8872
77.5285
74.3335
83.4213
72.3856
82.7654
74.8607
77.2773
75.3442
78.4607
77.1504
65.9208
67.7943
62.8421
66.9188
58.7955
70.3742
74.6592
65.266
66.3306
67.6246
75.4101
59.9748
76.2713
74.1639
75.0309
74.2135
87.2576
74.1295
72.1725
74.2593
73.955
70.7035
75.0221
87.1007
72.0941
64.9816
70.3787
63.276
83.7729
65.7348
76.7234
71.5464
63.7299
74.7758
49.6096
77.9826
78.5118
60.7266
79.0979
68.2432
50.7831
73.235
88.0005
76.697
81.5185
77.8762
75.8536
78.1591
59.8401
80.016
78.561
73.2141
61.1676
72.1916
63.5401
55.5798
61.4841
66.6373
61.5293
77.6297
61.9925
79.471
67.1002
64.4131
69.1267
72.1136
72.0291
70.6069
75.2739
65.4595
79.5461
64.1816
85.661
75.1313
69.6932
62.4288
90.1948
74.606
66.2692
76.8505
84.8162
78.9716
65.2158
61.3596
61.9208
71.7261
61.0341
83.3181
79.1762
78.943
86.7699
62.8127
74.0502
64.6192
63.5306
70.3124
65.4595
72.3282
53.4984
92.4783
84.652
73.0788
88.7626
77.0188
58.0938
64.927
65.6382
74.0733
63.4002
74.9482
72.8551
77.1037
63.5354
76.2958
64.001
85.4734
46.6447
51.185
87.7186
78.8693
83.299
64.2415
67.2545
75.1556
59.0253
62.9443
67.0843
66.0843
72.9072
70.8853
62.638
67.8098
85.6597
80.6719
86.7372
63.3167
63.9594
67.2922
71.8191
83.2734
66.3753
76.6033
70.5832
61.0437
85.832
84.4272
67.7211
73.8725
70.6116
56.9429
71.3088
84.2497
73.1504
74.4032
67.5195
73.1989
79.7925
68.8026
69.4445
72.7846
70.6693
66.4969
74.0956
61.3674
65.4763
71.2972
65.3307
58.633
64.0277
78.5615
86.6202
71.0582
68.7231
72.4861
70.9016
70.0833
70.5704
65.795
83.9881
65.3603
69.7804
58.3641
62.4108
78.1252
79.7996
78.8631
77.8536
66.0079
72.1857
74.5754
66.4963
87.4127
79.5152
74.4368
74.789
85.7215
61.0728
71.5597
63.3588
72.0517
64.4144
85.4781
72.2847
87.8862
76.9392
74.8205
70.0311
76.4592
64.7773
75.9702
58.8021
64.9014
70.5274
68.2635
63.5141
76.6534
56.2104
63.6789
87.2868
69.0883
75.2952
58.3519
72.4616
76.8046
62.6233
58.6891
85.5027
73.9322
54.3077
79.4426
69.7507
77.9146
75.198
80.1683
63.1396
74.6714
81.7734
61.6934
64.1252
77.8324
82.2964
66.9011
73.8428
73.7156
74.2674
57.2487
65.0936
61.4605
75.6615
67.4428
61.0094
62.3906
69.5176
72.2792
58.6523
63.2092
70.3713
71.9622
64.6502
85.4984
78.8909
72.6397
57.9179
78.6028
71.8056
73.4473
80.001
63.9288
76.911
69.9022
74.9225
81.8055
70.3554
81.2479
67.2461
76.1123
72.3842
72.9566
73.0235
63.652
88.5594
83.3837
63.4319
72.4451
58.4947
81.4531
79.1437
78.7554
69.8391
68.8475
80.1723
80.4493
74.2903
71.4394
62.2495
61.0925
68.2412
75.5608
70.618
83.3197
55.1558
79.5912
63.5804
60.1033
73.908
92.649
67.6495
70.2317
82.6998
67.8973
59.3645
61.3608
72.6727
72.4413
61.1221
87.1597
74.8729
86.3003
54.9211
80.4708
75.59
77.3013
72.8971
65.5359
67.8753
78.7136
68.0414
66.4983
73.3086
76.2361
81.0674
65.9434
77.8716
88.086
67.1037
75.8802
65.2423
84.5629
80.1555
77.1938
57.5467
62.6409
78.7782
100.621
64.8388
80.0945
81.6536
61.0324
68.5505
74.1603
73.6409
74.9261
71.8991
54.4956
66.6592
63.7447
66.7957
72.2452
75.6023
83.6522
76.082
67.2293
89.0716
78.4431
78.9809
69.7119
83.9824
61.0468
54.128
81.0375
67.0655
72.9242
62.5545
70.9951
78.7885
65.4419
55.9709
61.8985
83.7476
69.1823
75.1792
87.4121
66.4865
66.536
81.4031
68.398
79.3688
81.4902
75.5743
51.0598
64.4943
64.1801
70.4031
74.6905
77.2237
72.7977
62.4541
75.098
53.2114
68.4295
77.9944
61.7216
61.0796
71.8448
73.2264
71.8
69.8855
67.2867
64.3155
68.4297
72.9472
66.8256
75.0997
75.5693
76.5106
78.4251
68.2325
70.8836
72.1344
84.6792
69.4883
62.1945
60.8088
72.8528
67.9338
75.5292
73.9104
80.4269
66.6026
70.991
68.733
75.9813
64.648
52.9719
65.9676
67.0045
84.7906
64.0199
75.8334
74.095
68.8815
84.9647
70.1877
71.0661
75.7351
45.2637
63.8541
66.4574
76.7904
70.7073
68.2944
67.3114
70.434
64.5297
70.8488
67.9483
83.9692
76.7517
67.4116
81.9189
66.5085
64.9358
94.8639
67.0846
83.7508
64.1617
61.5085
67.3126
79.6196
70.7677
73.5042
77.9645
62.8751
79.8871
67.6254
73.6328
73.4685
74.4818
68.2246
75.509
73.2674
64.1416
61.3725
66.3101
74.4163
52.4368
63.4721
63.6353
76.5941
74.696
65.4151
74.9954
77.559
66.6664
64.166
76.25
55.836
98.5719
77.9663
86.7441
64.2183
73.9728
70.2885
64.1448
77.9359
81.4554
71.3602
80.6269
77.4279
81.1915
61.5688
64.9639
57.0538
63.7278
73.6345
77.3337
64.2208
75.4123
86.3583
82.8916
71.6433
70.0128
84.8287
64.6364
54.7567
68.8353
76.9124
62.7714
55.6145
83.4149
73.3032
62.952
70.7761
68.5179
84.6634
78.9596
80.126
62.2015
82.5446
70.7095
80.4435
80.7982
88.0148
84.7677
72.7152
57.8622
81.7975
74.1725
62.4019
53.0903
67.7419
55.1797
79.9393
55.1598
81.2576
60.295
70.358
62.6465
65.5635
64.9547
74.2684
65.8785
66.6774
88.2569
66.6428
89.3245
92.2491
71.6654
64.6455
75.7771
92.2996
67.132
81.6072
74.4211
66.5501
71.0323
63.8671
77.7893
66.0404
77.7581
64.0631
86.7558
70.8107
64.6073
66.6321
64.6037
58.8996
77.0373
61.4407
58.4095
64.0331
73.1887
79.3213
71.4107
70.4889
77.6605
67.1297
68.59
71.8291
76.1414
70.2198
56.3449
80.5708
70.6432
64.7908
63.0305
61.9069
88.8194
70.288
76.4347
79.6639
75.2749
56.2518
65.859
64.0075
67.0432
83.2587
68.0775
75.5641
84.8911
82.6359
65.0269
70.9077
63.6343
68.2493
72.5214
66.0306
69.3521
77.3773
66.2065
85.1256
68.0784
70.6684
63.1906
78.9391
71.4578
69.4013
74.1773
58.1404
104.629
62.6061
82.0152
70.4777
65.0711
61.3509
89.8622
77.8044
80.4097
65.0587
55.6818
68.8525
70.2755
76.3027
65.5359
61.273
73.2787
59.4839
61.7976
64.6707
85.4952
71.0615
70.3226
79.9889
68.4492
68.8357
87.3217
68.8574
69.0146
82.41
69.1489
80.8397
74.2723
84.6816
68.2168
74.2096
70.4036
74.621
62.4964
70.6588
72.3977
73.6622
68.3505
72.816
64.2971
75.139
68.1771
77.0769
65.4439
82.8376
62.7801
81.8668
66.5207
63.3083
76.7283
84.108
75.9082
56.7353
83.8927
88.1273
76.7694
72.6804
81.3834
72.519
72.6914
73.8815
97.735
64.0129
83.4855
56.7768
75.3121
77.6952
83.4623
73.3648
80.9527
78.9664
66.1464
82.3385
71.871
60.3389
76.8171
89.2463
70.5255
76.6321
73.0325
74.7089
72.7928
62.113
70.3297
70.8558
64.5888
80.4761
76.5898
67.3582
48.2189
67.6371
72.0903
65.5274
71.3278
78.7032
82.0497
66.6518
72.4605
68.7159
73.3546
51.9013
86.2525
79.9055
74.2694
57.867
62.9788
62.2917
59.6226
70.5271
70.4054
71.7636
93.1741
62.3359
65.5676
79.1165
53.0753
60.1351
99.0823
73.4075
63.5818
66.4244
80.1595
77.9649
80.5369
73.0809
58.1031
79.171
76.9495
73.5944
72.3392
70.5075
55.9602
69.2849
80.4859
60.769
60.1743
73.2811
69.6602
77.6566
77.8535
64.8381
74.9452
58.8014
76.1399
65.6813
69.646
82.6577
67.2513
67.3612
65.4221
73.8492
49.7799
73.893
86.276
76.1066
79.2647
64.3404
64.2841
73.8582
66.7954
73.2985
73.9044
67.8384
87.3635
69.1872
88.6478
75.4334
79.1833
64.9208
65.831
73.9958
68.9326
59.6135
87.3939
79.8158
80.4234
65.5324
79.0427
60.5516
73.9511
80.8186
71.7203
59.6621
62.5553
72.3318
70.2776
82.1897
72.7658
78.5393
58.576
73.5822
83.073
61.5868
80.6266
57.0462
66.6618
73.2916
65.3833
66.8532
76.133
81.8115
74.5914
62.1183
66.7941
60.3223
67.0173
68.7203
64.0844
71.8598
65.8103
74.5476
68.8234
64.9487
70.0055
62.2594
77.0618
92.2725
77.6484
78.3231
59.0327
85.0893
87.8342
72.4297
65.2046
65.2312
82.8287
77.6361
68.4894
85.9994
77.9445
75.8698
79.7364
75.2006
81.0588
70.0059
63.2497
89.3353
79.0492
69.9154
74.7341
75.8567
62.3026
64.6925
74.4614
62.872
68.0842
86.128
60.0838
75.4466
67.5145
54.3783
60.7002
70.7157
96.0346
74.5272
62.7353
61.6867
71.2073
80.8574
78.5593
67.217
76.0702
75.2804
66.5715
78.047
73.923
84.8581
62.589
63.189
65.1983
69.6483
83.8364
65.2791
51.9373
77.3346
57.4592
70.3248
70.7792
71.2667
65.571
86.5672
78.8032
71.9867
79.7424
70.626
54.3634
75.6463
74.2946
53.1963
72.4438
67.0517
66.5819
91.7427
64.8227
61.3914
66.6956
84.2698
73.7292
70.876
69.0205
77.4316
65.2126
68.6867
67.0076
69.5437
64.3826
93.0606
73.4177
75.2657
69.3885
67.6642
58.7902
80.7503
77.5004
70.9228
56.9824
60.4868
70.4785
85.7068
76.6517
78.4631
71.4794
68.6663
74.8431
75.7819
47.2551
71.6565
75.6558
72.1536
65.766
68.0025
63.392
72.0609
76.6586
62.1275
74.9134
82.4196
62.0213
77.9038
65.2213
65.5926
82.5346
70.4121
82.4806
58.6285
62.2621
64.9096
60.949
52.1351
73.1911
69.1538
75.1203
66.0574
71.3225
77.0674
75.2895
79.1292
74.8624
63.0362
80.0765
71.1009
72.7746
65.2933
66.7911
71.8007
85.9829
59.455
75.0997
54.7629
70.99
73.4738
70.4752
74.9663
75.0049
61.0909
83.4873
76.2323
80.8576
76.1987
71.1492
69.7911
59.8852
98.0917
70.5063
73.7853
69.0238
97.1139
72.4453
85.7269
85.5181
78.5832
67.6536
65.7706
65.7855
63.4768
88.8456
92.9126
53.631
63.1981
71.8321
90.7586
71.6082
90.3297
77.8882
69.0745
76.2409
77.0321
70.5451
64.7841
76.3969
70.9512
90.8602
74.4991
67.3996
72.5763
67.0761
69.8364
84.1747
51.5358
69.2792
70.0795
70.4467
71.3793
79.7255
60.9727
80.3268
63.9811
69.3646
65.2734
70.0377
69.6957
63.2495
70.4318
67.8383
78.0741
68.6008
66.3143
87.0382
59.081
70.3644
89.6662
63.8564
85.6923
61.3714
68.1948
56.3081
78.4076
76.6149
72.2881
61.0677
99.5446
81.201
74.9051
84.3607
67.4911
72.4687
70.6102
71.6029
62.9517
80.1301
76.5774
55.8779
71.5899
72.578
72.1251
83.1166
65.3358
61.4949
84.6436
61.4778
54.6001
67.8526
76.9006
73.3761
65.8369
53.1856
76.8868
62.4867
77.5531
83.8391
73.7271
64.1232
71.3124
77.8452
79.8029
68.9429
76.1236
77.4473
63.9505
56.8958
72.9928
77.8596
61.7207
67.9652
63.3081
64.6529
79.4778
65.2554
76.0706
66.0391
66.9411
86.2899
61.5127
75.4058
66.5986
61.0305
70.407
69.5109
90.7342
64.9951
59.2226
69.339
64.7867
72.7433
77.9021
64.9565
66.1315
68.8597
69.3685
63.6836
67.4499
58.7825
82.0747
89.7676
68.8118
70.3685
71.0902
56.0039
70.7301
88.5233
70.4045
68.497
80.6449
61.9347
62.2057
86.4566
65.1844
78.2238
84.3759
67.4087
54.6071
81.4109
67.2576
78.333
64.7477
57.3502
75.8565
64.2022
82.0951
86.0229
72.6832
63.5445
80.4975
69.2718
64.5119
56.6931
59.3509
78.8123
77.5121
65.4904
80.8249
63.627
79.9933
82.9118
70.2428
67.4359
68.2141
72.5206
52.7378
77.8812
84.9132
69.7064
54.6398
88.2312
64.2988
86.7756
71.4511
71.2344
75.063
72.2982
61.75
65.0361
64.7786
75.6117
69.2306
60.429
77.1616
67.4367
66.9577
73.4591
66.8608
78.6389
81.0705
76.1184
67.4167
66.3918
66.7953
69.2175
87.2111
75.5807
59.0423
67.7181
81.5251
78.8241
79.944
61.4196
68.1942
67.8846
74.2118
64.7294
63.1664
84.6032
74.0549
80.524
63.7402
83.6026
58.9974
63.4126
60.2583
61.792
84.9587
71.7804
89.4845
65.9493
64.0537
92.1247
53.7242
73.1363
74.6572
81.3266
73.8572
97.7863
80.5599
66.7494
79.9865
69.1127
61.8191
71.4901
57.0782
67.327
56.6339
80.1152
68.188
70.7055
59.6909
71.0679
82.7011
64.2961
88.4729
59.5689
76.0129
86.0317
80.807
79.9804
61.6457
65.5219
75.3517
54.8693
63.0287
72.0711
77.9196
65.264
68.9934
68.2111
78.4008
62.4575
81.0809
83.1485
76.9164
80.5154
78.8296
76.7085
68.4099
63.1376
85.2361
68.9096
65.5891
78.1969
78.0605
68.9621
63.9213
76.0607
76.2452
71.6868
67.5279
78.6428
86.4708
81.705
60.4116
65.6597
67.0602
50.1397
68.1328
74.1613
81.8163
78.3842
65.226
57.6585
74.0314
85.3446
88.4529
91.0866
67.99
87.4718
82.7024
73.3531
76.7432
71.9079
78.8576
75.4615
86.0635
70.9964
56.0839
75.2441
69.8633
76.9955
71.9267
63.0188
66.0813
64.5607
72.5263
59.0219
77.0939
83.8421
83.0682
76.6297
73.731
81.9034
65.0337
73.867
80.7759
75.2267
87.8032
59.635
60.5639
68.1463
66.6038
73.479
63.9234
84.6538
77.2163
78.7809
71.555
65.9243
67.3084
69.8058
75.7335
61.1104
67.3746
81.9982
69.6122
74.3435
83.7075
82.1969
68.238
60.1608
55.5893
68.6954
66.9411
80.1059
51.1173
65.3606
69.0588
66.7191
82.834
51.5732
79.8553
58.1117
81.7544
80.7942
88.1753
43.1485
72.4684
64.2333
89.4262
75.4486
68.1575
97.0253
73.6492
76.1729
73.9271
67.4033
74.1987
76.914
80.4993
72.9584
88.372
72.1545
70.9078
67.2383
84.3775
85.1418
69.0362
68.5043
68.4126
71.3678
74.0856
65.9464
63.8898
82.7777
68.2103
64.0357
81.7238
69.4678
75.5697
69.996
60.9273
70.7258
83.5049
66.3098
65.9252
66.7598
76.4214
62.8201
64.6255
61.0206
73.6869
66.3846
58.3071
78.4447
70.2004
79.5587
61.6373
70.619
84.1966
79.6612
79.5459
67.6585
62.3623
79.5163
67.7499
71.9126
75.4666
58.1625
65.2871
72.2836
50.2828
60.7653
52.3074
79.2921
85.73
70.8236
60.1575
55.7279
58.1034
79.3285
90.5276
69.1404
77.2443
74.6673
70.9312
64.3109
52.1982
74.5042
81.8375
81.5241
63.4911
73.054
74.3505
67.161
68.0825
83.2712
71.9135
87.7417
82.8864
72.7813
82.1226
77.9321
61.5715
66.722
64.399
80.0038
65.4247
77.0425
83.6103
74.9157
92.56
71.9227
79.4547
94.2252
63.3908
75.2943
69.73
75.1541
68.1459
69.4731
65.0386
71.5284
65.3393
74.7784
64.6435
79.985
84.5305
79.6568
59.6327
66.7971
78.5209
82.9289
67.9613
62.7585
80.808
63.9211
62.1786
54.9058
80.454
63.2868
75.8794
70.8249
58.5405
73.9251
70.7888
81.1807
87.1306
60.8346
66.862
62.3103
80.5423
59.7159
80.1795
81.0686
79.1173
79.2627
58.602
66.795
76.0812
67.9071
76.927
73.2069
63.7473
80.9441
62.3171
74.3781
61.8033
73.0795
70.2708
59.2968
71.6317
72.1509
68.4028
69.4229
70.9602
58.6718
83.6424
70.956
67.938
63.7692
77.692
68.0801
71.8312
53.2552
83.1886
70.9241
79.5722
71.4917
77.0636
88.952
58.7532
67.8493
68.9145
64.4112
77.8276
78.5014
79.3079
69.886
69.8908
74.708
69.549
76.9753
77.2798
91.4355
81.1654
57.6917
82.0941
77.2919
65.3514
67.4861
90.3626
73.8089
70.2602
71.1586
68.3521
74.1522
74.5313
97.6056
82.2019
59.0982
65.8682
74.4801
77.7773
83.0891
75.1765
65.7082
57.0377
76.0113
82.7554
71.0547
81.6524
87.0067
78.3272
63.5797
61.1411
89.5714
67.4808
72.2976
76.2337
79.22
79.6695
74.859
61.3243
59.5513
79.8224
64.6806
68.7878
66.9005
73.3868
71.8027
59.9292
67.4172
64.8055
72.2947
75.7943
75.7701
56.8035
58.7504
65.7969
72.4082
74.8362
76.0762
76.7016
78.763
81.9988
60.0185
69.1198
61.4505
76.5975
73.7131
96.2498
68.4252
82.5699
67.5451
58.2505
71.3618
78.7851
59.7819
64.0744
66.6872
67.5883
82.5707
80.4014
81.074
60.6909
87.6519
78.8535
63.7181
85.9811
77.3483
62.0095
81.5459
85.1197
81.3198
75.4082
75.1149
57.8491
71.3333
81.6707
65.2171
86.4515
69.7576
70.0294
68.815
63.8526
82.337
68.1317
71.3631
63.1466
63.2104
87.2706
69.4914
73.4415
82.3368
81.8911
70.7695
67.6372
81.7891
59.7984
57.2546
62.8001
81.1093
83.0535
74.5046
80.6456
70.6376
69.7931
69.1243
86.9098
88.1367
74.1327
66.024
60.481
63.3886
64.4371
64.976
74.9126
65.6146
83.6656
62.7744
53.6681
64.4656
77.4543
81.1295
63.8922
75.2716
80.3638
81.9861
76.2563
66.5804
78.8626
79.9259
84.5142
77.3096
57.9521
68.2026
75.0467
62.1458
78.2172
63.4315
83.8257
64.9043
71.8179
76.1279
78.9847
70.9736
74.357
86.788
69.7732
87.582
72.4289
72.2528
81.626
54.6896
81.6287
69.7181
68.4227
78.7208
56.6881
64.6982
63.1041
68.371
79.6812
73.1051
70.176
85.1831
80.2048
73.6825
73.8369
84.6991
91.3802
79.3197
75.241
69.2065
68.2705
65.2714
92.824
62.3459
74.9186
81.557
89.6798
87.8845
67.5506
81.2206
61.994
73.5556
66.5249
78.5069
91.2621
60.8805
67.3045
65.8125
62.1824
63.3186
67.3389
68.2537
68.715
59.138
67.0333
67.9333
78.0706
78.5873
64.1651
66.9797
62.1931
77.3927
57.8891
71.2102
80.1885
71.6452
77.1404
64.6339
63.8124
71.776
65.2599
75.2493
76.1041
72.4718
75.2437
57.6328
58.3785
67.7911
78.1683
69.0603
71.8459
81.4342
75.5164
105.423
54.2905
73.7286
68.1453
71.8895
72.6955
81.3309
73.0588
65.8047
80.515
62.7695
62.7777
79.0939
62.8561
62.1323
69.8127
73.021
75.2049
68.8469
64.7826
93.6364
71.8416
80.0003
64.8529
78.3004
70.8565
79.086
87.668
72.6515
63.9374
63.7416
83.669
65.803
80.1326
74.8043
67.0498
83.7939
81.7215
72.0826
74.433
65.8284
58.3391
81.5664
59.202
74.0075
85.7931
74.6876
77.5413
83.4109
61.3428
62.985
68.9205
71.8041
68.7998
74.8639
65.7647
72.5532
69.6475
62.0161
95.3592
73.6644
61.9378
76.4681
72.5217
83.1511
59.9398
68.9319
73.4248
62.3334
58.9103
61.3158
84.3847
78.9134
75.3192
76.0661
82.6256
69.0455
74.4246
53.4659
69.4589
74.2045
60.0186
66.882
71.4489
55.4207
69.9202
71.0841
66.78
58.6336
62.6972
82.321
72.7556
81.6933
65.3592
58.0447
70.2742
68.6318
76.9791
67.0998
71.2683
68.8185
73.4908
69.9714
74.1248
61.2626
73.5202
82.5512
80.7698
81.8904
68.0076
60.8533
79.8867
74.3593
85.9398
83.0616
63.8678
82.4374
75.9313
61.67
71.8327
63.4991
70.7194
72.1569
70.2633
68.6168
77.1916
65.1075
62.7249
67.4855
63.4774
61.1943
82.3768
73.0886
67.6015
72.3446
67.422
70.4772
71.6509
72.3551
74.4214
66.4784
92.4939
79.1748
68.6757
62.2393
72.8334
62.2702
82.6008
74.3702
83.6522
74.1121
70.4593
78.4748
70.6143
72.1613
73.7367
65.7694
68.4993
74.5758
71.6586
80.076
57.422
82.3465
69.2401
69.7558
61.26
67.7649
72.1097
63.9784
79.605
73.9251
73.2022
62.4891
81.7782
76.0216
51.6096
66.9019
74.3793
70.5997
76.5056
51.1561
90.4585
76.5457
65.5156
68.5479
72.6386
84.2429
82.181
79.6225
67.0304
77.4157
75.0347
67.6103
71.7951
69.7111
63.219
68.1307
82.2997
56.5045
81.5835
59.7918
72.2355
55.731
71.5571
81.5003
63.4313
74.1752
66.397
82.9579
64.5483
67.076
76.831
73.2065
64.4357
82.169
70.8801
84.473
84.6888
79.8706
87.3502
66.3051
77.144
82.924
72.7953
76.1776
88.8075
70.3408
77.4733
66.7473
68.8946
64.8312
72.0292
82.0539
66.6132
74.1334
64.9326
75.3894
59.8877
70.4935
75.5489
63.4708
70.5589
69.0799
60.5342
65.3056
64.1742
82.7491
83.6876
62.0077
59.1795
63.701
75.2322
67.7944
70.6778
58.599
64.9057
76.7814
79.5782
82.2521
72.3422
60.6169
71.4033
66.2526
66.5049
64.1073
60.7628
65.6282
54.9773
68.8523
68.1011
85.8129
86.419
63.0697
66.1913
77.7324
80.2136
74.9105
75.6581
58.4369
62.7972
74.7134
84.6641
77.5914
78.3032
75.8715
70.033
71.062
73.3466
66.2481
70.1875
66.1876
62.226
71.534
68.6959
61.018
60.1209
71.9272
67.5753
75.3594
73.4855
76.7363
74.5835
50.2009
61.8803
56.1504
72.824
79.1421
66.6289
63.8264
56.6669
72.0739
58.6747
78.6192
70.6108
68.8109
57.3245
60.6006
71.4405
68.6577
77.706
81.148
65.5987
65.9363
72.3828
74.5549
62.689
50.9287
66.0233
72.6213
71.1119
78.3342
67.1397
77.9917
70.2564
60.3551
67.7184
81.3656
71.2303
59.321
58.9624
71.6519
64.2798
80.4589
76.0763
80.0247
70.4421
68.4347
65.1483
53.4404
76.9821
77.0836
67.3034
70.2278
92.9255
88.4023
58.9685
64.2425
80.2196
55.5982
81.4917
73.7763
66.8053
73.0452
52.574
64.4355
71.15
58.4414
67.8815
64.0814
65.8652
77.4625
65.2807
70.9206
74.5017
83.738
62.3755
73.2416
73.181
66.3808
64.5501
65.8181
82.3745
59.2746
70.4092
68.5993
65.4424
75.1013
84.4486
74.7346
70.6776
65.8495
82.1564
72.6285
71.2524
78.5184
67.8329
88.6668
68.8906
53.0549
100.555
73.3594
67.1789
62.7845
89.1662
66.909
65.6964
67.6332
79.5722
77.3582
61.8543
70.0022
60.0502
81.0152
66.4246
75.9647
88.057
58.2836
56.6822
69.3431
79.1872
81.3777
64.5796
78.2619
80.6633
60.4877
70.1299
61.306
82.78
62.55
58.5722
71.0278
58.6856
64.6591
66.1919
59.3669
53.5176
86.8144
69.0362
57.9095
83.8068
66.8246
68.7554
67.8969
65.0508
75.4413
75.3938
61.3969
79.1425
64.197
58.5517
81.17
81.977
75.5703
56.8792
86.4554
72.5868
67.7466
88.7558
67.9852
84.9433
76.6669
85.7987
52.1883
71.5867
83.6553
83.6989
76.4883
61.6126
87.4761
89.513
78.1874
55.5273
85.2703
62.3549
84.714
74.9219
61.9849
92.9046
62.4699
57.055
71.6393
75.0212
81.0776
75.7584
67.6145
71.3492
71.575
68.786
71.9196
77.4313
69.0223
51.1526
82.3004
68.2295
62.5343
76.8156
63.9111
64.8124
70.353
90.77
67.1417
67.3442
81.7469
71.249
77.9683
72.7252
82.5821
72.8403
66.6521
65.2422
91.0043
69.5618
75.9385
70.9682
63.4002
70.215
59.6884
84.6423
67.3446
83.6561
82.6716
79.1043
80.5636
61.8736
67.2095
72.508
72.5479
73.491
69.623
72.8227
69.2454
77.4797
94.8988
66.418
81.3655
65.4015
63.3519
71.642
76.5811
88.0645
84.0032
67.1198
68.1486
64.6777
80.591
71.9939
60.0397
73.1638
83.2844
70.9299
79.7488
84.3981
74.0552
63.7051
77.4119
70.132
85.1376
70.1931
77.0834
81.264
90.8838
84.5263
74.534
56.3352
81.4863
84.2854
71.0438
65.6746
60.8482
72.3773
89.4915
72.9564
73.9724
78.3944
74.5968
71.1266
73.5323
77.7264
73.8729
80.2721
65.5737
95.5506
70.6735
67.7554
72.3465
54.983
79.9413
67.4482
87.9381
63.6075
62.3183
75.2727
75.029
80.1654
79.2677
74.3778
88.4962
67.4338
81.0902
75.0647
57.0576
78.5508
82.0193
68.7182
66.5403
71.2422
80.858
72.0945
76.2229
78.0503
93.3978
75.8691
80.6203
81.1793
60.562
60.4506
66.1246
64.9743
57.8911
85.0956
83.3564
68.539
80.303
72.8314
71.961
67.5451
80.2815
62.6508
78.5199
78.5798
69.1483
61.7581
65.8883
86.3945
76.4534
72.7991
58.5683
74.3051
62.7931
63.67
82.5756
67.8587
66.1196
80.8238
56.7595
65.0993
81.4629
76.3008
68.1449
61.7601
74.555
67.791
86.825
59.8587
65.5336
61.8606
71.5535
74.894
81.912
65.97
58.6977
79.8306
89.6802
74.1394
66.4121
61.6328
84.5041
72.662
76.0453
65.8572
67.9999
85.1103
77.3698
73.6326
55.3118
68.1408
75.4821
66.6136
59.728
85.7569
64.7342
76.1363
73.3604
74.2184
72.1153
70.2366
74.3213
63.6767
73.3209
60.1165
75.5817
63.8366
79.0258
46.6211
62.5941
77.1762
81.6358
80.5282
69.2996
85.6485
73.3761
70.9815
74.942
75.4646
76.1316
59.7771
77.552
64.5696
73.4256
79.5702
72.5592
67.9344
84.9912
66.0944
59.1592
68.4683
66.1676
72.59
90.1001
70.9344
71.1622
57.0865
67.9426
59.7105
79.2157
74.2808
68.597
97.9645
66.9727
76.8915
64.0438
72.3075
64.5259
69.3873
99.7388
72.5606
56.3367
60.9418
73.0327
64.998
88.091
77.4135
71.7352
82.6957
90.1889
70.5327
75.17
78.1942
79.8027
72.1794
72.505
53.8823
93.8243
73.0527
58.2721
52.2174
62.0816
62.9705
83.6086
75.1796
79.5485
92.2358
66.927
70.2753
69.3971
82.7375
71.9007
79.184
63.755
83.3558
66.5966
81.7164
76.9639
71.637
59.0015
66.8693
79.6452
62.4559
67.0601
57.4067
63.8753
81.7591
94.8017
64.8539
67.5146
67.4862
76.2956
96.086
67.9405
62.7525
62.4419
76.3571
65.2974
71.1048
55.6228
59.6489
80.6534
77.4288
60.7704
81.889
70.1289
76.6223
81.0498
66.7419
61.4724
68.7852
72.1235
64.1755
64.3623
78.898
71.8096
64.3758
71.0292
83.7641
72.0596
70.3732
79.0467
61.7246
58.2019
70.1359
63.4253
76.4915
64.2408
74.1475
66.3968
55.2807
65.9124
60.8761
92.2785
74.3893
76.3072
79.9085
68.7753
68.571
79.1216
74.0759
73.2139
66.6922
75.2475
64.1561
57.6843
81.6543
70.6455
68.0797
69.0822
72.7446
68.9634
67.479
78.2859
81.3007
70.738
71.132
61.2169
76.0643
76.0384
77.0182
70.0755
86.6325
61.0404
66.4226
71.7923
71.3503
68.0256
63.3266
69.8918
71.9772
72.7171
73.4466
61.7264
56.6812
82.0862
66.437
82.5933
78.0644
67.4377
69.9039
76.8077
82.742
71.0338
70.6655
59.9195
81.8407
73.0968
62.1718
68.9773
80.847
70.6347
80.5954
75.7346
78.2134
90.6015
54.5398
62.0436
80.0486
54.596
86.816
79.9993
69.7533
78.3887
83.6052
68.2527
78.7162
77.3374
71.1587
88.7929
82.1963
64.7018
76.5104
51.6271
79.9472
63.9763
53.7513
77.8839
65.6099
59.4149
72.6626
77.9157
65.4952
71.5182
61.7518
70.8606
70.7148
71.2321
64.3844
68.1238
83.0126
78.796
77.2629
71.1833
65.4322
67.2716
65.9417
64.4244
77.9847
60.9589
70.7799
84.9624
63.0348
82.3689
84.7497
79.2998
64.4253
89.384
75.5283
66.8407
61.7041
69.9324
57.6676
66.0707
90.2453
81.2925
75.0192
63.3288
71.4468
85.1958
80.5114
51.7629
72.8999
78.5211
72.1118
76.9197
59.039
74.7105
76.9197
70.7632
79.4422
64.2909
72.9115
73.6151
53.0054
93.5955
62.8058
71.4623
72.475
76.8096
69.1829
71.0742
88.9166
69.1375
75.1846
72.4343
72.4647
74.4086
73.039
71.6157
66.7505
79.0527
70.1473
67.673
75.0214
58.4704
71.1739
74.369
82.8724
54.9315
85.4732
80.4031
74.0501
62.3028
74.1449
79.1151
69.1434
72.7162
80.3238
82.1895
71.9374
75.0982
77.7567
82.9347
72.126
90.2733
69.2732
90.8607
73.8039
74.3818
70.1436
76.9899
55.3752
89.1914
95.1886
64.5122
87.6022
72.0296
78.4207
84.614
72.7385
53.5351
69.7636
67.9334
74.2101
74.1127
88.11
72.1493
86.0843
64.5047
64.6226
85.5927
50.4716
61.9573
67.7939
68.2628
70.2081
64.1802
70.4758
80.3532
67.7827
67.5738
72.0066
88.1403
70.742
84.3482
72.3765
59.3194
74.4158
67.6817
65.0539
61.5439
61.4121
62.5041
59.0504
81.0257
80.5298
60.0635
88.2043
70.4567
62.6443
82.3499
82.4057
56.8185
68.3771
89.758
72.3083
85.4704
70.8313
73.828
59.1681
86.5906
64.3351
85.2694
73.7925
79.8278
73.8767
55.8359
63.6983
84.7734
80.7629
74.943
69.1479
71.2533
73.8475
65.8847
77.7451
62.3313
74.1655
75.521
67.9089
53.245
66.2321
71.0506
74.6511
70.2
58.8264
76.2653
53.437
67.1482
63.7961
70.3752
66.4768
77.4701
63.1064
78.5
70.7927
66.6228
66.5247
66.2642
70.0753
68.5639
72.573
60.8911
56.6813
89.9306
77.5421
59.2108
55.6742
60.4157
83.9491
75.1603
70.5555
72.392
81.8038
71.9057
72.1816
81.1066
66.577
69.2613
84.2159
70.5209
81.1797
86.9073
70.6445
69.2426
63.3002
53.6397
68.9863
68.6457
69.863
72.6578
81.9708
48.135
72.3478
84.4012
70.4266
70.2334
60.8511
72.0603
94.0512
60.4766
59.1754
64.4844
76.7882
62.5411
76.752
92.8184
67.9846
93.5775
60.8721
73.4908
82.0268
71.185
70.0685
71.6072
58.2556
63.7572
78.2939
74.0817
69.4104
76.1298
78.0753
60.2969
90.1379
75.5962
70.5809
60.8579
65.4246
79.1791
64.3924
65.6509
72.1138
79.8715
67.9483
78.6326
66.2607
71.7689
66.2349
57.2526
71.926
78.1545
65.9293
78.3675
65.6677
61.8046
78.7388
50.2884
76.2262
71.3316
72.234
59.4236
75.5599
72.9263
75.5086
77.0533
86.5867
50.3926
72.3231
64.3616
75.8414
72.6355
66.4141
87.6053
61.5684
71.5454
87.7822
61.4783
82.093
81.1518
79.554
68.2298
77.3244
67.8256
73.8523
64.6977
59.484
80.9091
65.1081
74.5962
68.376
87.598
70.7918
64.6136
68.2086
76.2819
83.9919
67.0181
72.232
79.0842
72.4747
67.3371
48.901
87.6008
76.1408
68.813
93.767
64.3354
62.2199
70.1371
65.1304
76.7248
72.3364
73.876
82.2074
72.8439
73.5279
86.125
73.7215
84.5903
68.1252
67.0051
78.463
77.3576
71.5193
71.4221
79.5385
78.9647
65.2005
65.2206
88.8436
66.7286
66.5242
85.8122
64.5434
84.8194
74.887
85.3573
81.8916
66.4201
84.5463
61.9337
81.5944
81.9773
69.6162
68.7148
68.6189
73.3828
74.7002
75.2509
68.3124
71.093
66.9916
64.1033
78.1269
84.4028
68.6457
78.3624
78.6623
76.7237
59.2177
52.2978
59.0988
69.3576
81.6372
67.8084
77.8306
67.519
75.7768
64.3185
65.4108
56.4304
74.4944
66.398
68.1095
76.1724
79.6402
62.1893
80.414
71.7657
82.6989
85.9037
70.8063
83.1277
67.0728
89.834
91.6776
69.8668
79.6517
72.0412
64.0878
82.05
73.5991
73.4857
67.5033
67.6637
60.4724
63.5926
83.4762
54.272
84.5517
88.6349
70.0652
62.4978
61.9371
69.621
105.599
70.5731
78.8438
66.3638
97.9057
57.7847
54.2422
55.043
78.0982
98.9925
77.396
52.8909
63.8772
67.5318
75.9652
68.2952
64.2903
72.9081
81.5295
65.3345
70.2213
78.4141
70.6735
63.8071
62.4942
61.1086
75.67
67.6604
76.8663
75.0511
58.959
61.2297
74.6404
73.787
64.4543
69.9336
67.0654
70.6395
52.622
66.907
74.2324
60.7287
73.8763
75.1096
69.9595
63.2635
71.1814
69.7643
68.4858
69.9996
67.5559
58.9887
71.5317
76.5563
93.0026
64.3652
63.7739
60.2573
71.8919
81.4737
68.2646
65.9496
66.5362
74.9385
73.8078
50.933
78.7065
63.7682
81.9392
72.16
94.0889
81.7754
70.046
68.2239
70.6188
72.2753
66.1475
76.4653
67.5606
79.9625
58.8566
65.9038
79.5492
77.9399
87.0511
64.6651
68.008
73.0877
69.63
83.877
58.7254
63.848
71.9824
68.797
70.506
74.986
75.3187
84.5606
95.9877
64.516
88.6852
72.5016
63.538
70.1174
74.8207
60.0195
72.6694
72.4888
74.8753
76.1276
80.5429
59.1048
66.6563
75.1096
76.7502
78.8591
67.3772
66.244
68.9307
70.1173
67.387
66.0616
59.7846
71.3094
71.4126
66.5731
69.1006
62.4988
91.2614
71.6318
81.6085
71.8815
61.4986
68.3709
95.0154
70.3515
74.1307
89.8156
84.6579
73.8267
73.3662
74.5164
70.1425
84.4197
68.5798
71.3638
69.0666
74.4594
80.4734
67.7378
63.9346
72.2578
83.0179
67.6234
82.5132
70.9262
69.2047
65.6985
68.4383
76.2098
71.3525
70.238
76.8114
68.9839
69.5081
82.0297
76.7278
96.8164
67.7722
60.5277
75.606
77.9909
69.9478
65.4737
77.2542
54.4112
66.5961
76.4612
71.4363
73.7964
66.0439
76.1272
81.4679
76.9836
79.7158
73.2603
80.5091
74.043
74.5535
70.8859
70.7243
65.796
73.9963
80.1423
69.5863
95.3031
55.3972
67.7019
82.5925
74.6629
80.2771
85.718
82.5158
71.1466
57.8767
60.895
53.5325
61.3931
72.8914
71.8101
52.6853
78.9086
86.6415
66.9896
95.7269
69.6986
65.9833
61.4477
72.2977
67.1064
61.918
82.2786
69.4447
66.9628
69.063
67.8412
71.5214
65.0567
85.1057
62.8136
79.9014
84.5148
71.5476
73.5737
76.6501
77.5502
63.1293
57.3032
69.0005
62.6533
74.5868
68.7311
63.8939
75.301
66.8796
62.2352
63.5569
77.4799
61.4078
76.9329
73.1218
68.8947
73.905
77.0425
68.2673
68.9808
76.5731
74.0321
80.7396
74.4413
61.1326
71.1708
73.1129
57.4627
64.6219
67.9904
70.1494
63.556
77.4649
88.4279
69.9363
66.8075
72.794
84.8228
87.4134
85.2174
90.6656
66.3645
73.1814
67.1029
72.9042
72.7191
86.7835
72.5582
86.3598
84.5417
62.261
85.5845
58.6899
73.1679
71.496
80.6853
79.6188
69.4249
84.9661
72.789
58.7768
74.6171
76.7036
85.7815
61.964
67.143
67.0553
72.9427
80.6109
70.308
72.4192
63.5954
69.7425
64.6602
58.2785
73.344
70.4939
62.6057
60.4953
89.2943
70.1823
79.4244
66.1043
75.9666
64.4147
67.0088
85.3588
62.9927
74.8734
62.3323
61.7269
70.1878
71.0714
74.6832
96.1511
73.6756
71.3866
55.285
57.8735
92.5586
61.9891
67.2333
91.9277
86.1978
67.5239
86.1183
58.4484
56.4451
71.3945
68.1266
64.7188
91.9406
63.3482
69.9274
78.3051
76.0885
75.1174
64.3056
65.3744
65.7004
64.8026
73.428
80.5217
73.4685
77.2586
79.971
63.368
71.7506
74.5373
60.8598
72.0223
72.4597
69.8064
70.8497
81.4175
84.5211
73.0816
76.3932
79.6473
75.2133
73.4473
84.4688
76.6664
72.0184
66.077
98.102
63.4005
67.0601
69.8379
66.4617
73.7385
69.7332
80.2722
72.5324
72.0257
84.5227
56.4119
89.615
74.1101
47.3672
70.6801
67.0412
70.8172
73.2438
59.408
66.3572
53.8046
75.4222
66.1082
84.9095
66.557
67.5849
80.4071
73.3749
78.3762
59.3439
67.3821
75.2011
61.087
77.3214
70.988
88.1634
76.8741
68.8817
66.6736
73.0878
91.7571
63.6729
71.4779
80.2395
79.7359
71.3844
78.4182
76.5203
75.1966
65.7861
60.7521
57.4926
82.1272
69.0352
68.6311
75.0711
72.1178
69.381
66.8237
68.5292
62.4826
73.4538
84.6195
76.0987
68.7412
70.7749
51.5598
75.0732
65.004
54.6886
68.3658
59.2157
78.9155
70.6297
71.2083
80.3294
75.7875
65.7863
81.0022
82.985
80.5046
67.5627
67.2541
53.16
66.4593
62.1129
67.9787
58.2129
79.1905
73.73
87.2969
69.1163
65.6601
80.0462
75.5688
69.5729
69.3723
73.7362
72.8102
74.5176
62.071
75.5683
58.304
74.4225
77.2618
61.8172
68.4497
74.4338
62.6045
75.0778
60.0452
73.7037
60.4519
64.4701
81.0698
66.6774
76.2417
64.8252
75.0705
72.9829
64.2742
84.5361
58.6083
65.8831
67.1358
98.1808
85.2772
86.307
68.1812
67.3431
65.2296
79.8356
71.7253
79.9191
86.2811
73.8405
57.6375
66.4613
77.3853
75.0295
59.1852
72.2371
58.2824
78.6932
62.1303
60.0178
71.8003
64.378
70.9716
80.9521
72.2909
82.0223
79.1422
72.1416
73.8357
64.0134
60.6924
68.658
58.4228
73.6307
60.832
83.1007
80.0351
68.5071
67.6503
71.8085
71.5773
80.8598
64.5237
89.6657
77.3062
83.1525
58.3495
61.8899
87.9786
74.6845
76.6603
77.2021
69.7934
72.8613
79.0781
68.1731
85.2822
70.8137
79.867
71.0374
72.5512
53.7774
70.0606
74.8416
76.1381
88.4173
92.008
68.9271
99.7675
76.2863
65.4774
61.8329
67.8905
85.5341
74.3622
88.9418
84.9762
72.7197
63.6058
60.0882
64.8494
86.6793
73.9341
76.1389
57.3817
63.7793
91.3014
80.2829
62.9486
62.241
72.4204
66.2009
73.3102
65.8077
81.7696
70.9077
66.4525
48.2833
66.1226
75.4808
67.0099
59.9434
65.3668
68.3915
70.736
75.6151
74.0219
63.7614
71.447
82.014
70.2816
79.4048
66.5475
66.7137
78.7939
69.1524
67.2171
77.8368
66.8566
70.574
75.854
67.4357
81.5634
71.7261
73.2063
68.7241
57.0769
76.8159
62.87
68.3556
69.3946
70.1913
59.8748
74.9073
75.4127
75.0109
67.3813
68.6591
67.3628
74.9761
75.5777
62.9847
69.2252
82.0105
83.0299
70.0598
83.7978
66.7489
65.3487
52.527
69.5903
70.5757
70.3699
74.6444
68.8395
58.2687
75.5428
69.7527
68.8108
71.4533
60.3626
88.1225
81.9273
81.9021
68.9806
65.2961
67.9524
65.8643
77.4224
81.4326
74.462
63.3449
70.8984
68.3092
77.4652
61.0004
55.6562
63.3867
76.7691
79.3826
70.693
52.0413
83.3242
69.402
78.8058
67.1741
57.3807
60.8426
74.9891
61.3301
75.9266
75.4486
67.7282
70.9715
58.2882
75.031
60.1245
62.3642
75.6754
74.5922
68.4936
92.7629
83.7637
73.6633
49.993
76.2516
83.866
66.7115
76.3855
82.1069
66.7503
66.7361
76.454
82.5448
73.9841
61.8706
60.8021
71.3832
62.3041
61.2577
68.3457
76.1716
73.5805
62.3673
68.2011
78.0192
77.1001
79.2923
74.9049
62.8494
86.509
69.3883
80.9614
68.8998
73.8363
71.213
64.6164
65.3375
80.4691
65.7735
94.8367
68.0295
65.5062
72.1299
64.0995
75.4044
66.7648
72.4701
69.0934
82.5989
76.1575
71.169
65.9864
67.8644
79.4094
73.1749
65.8559
63.2818
71.2567
66.7865
62.7734
66.7232
67.0276
63.936
61.1273
59.7797
65.4812
82.087
77.2591
59.1602
70.0763
78.9198
65.9223
70.939
67.8905
64.5158
72.6795
88.5043
59.5724
86.3029
61.948
68.2495
74.0908
86.0877
81.8918
71.0634
79.4461
72.2517
85.3972
76.717
56.7239
81.3841
82.0437
73.4226
54.0169
96.2392
68.8242
55.3261
83.2744
67.3048
62.1762
67.6116
60.8457
82.3178
75.2092
76.1263
77.4033
75.7206
55.8108
77.0541
78.8684
65.8075
59.324
65.8396
73.22
86.3016
69.944
78.9356
47.2833
73.2497
59.6778
65.006
82.555
69.3499
76.1242
61.6656
70.579
73.8432
65.8988
71.8606
76.6786
64.6062
62.3154
64.0383
64.1778
71.287
70.6196
57.1427
72.1319
66.0221
60.5491
89.8877
84.0094
81.0788
74.4173
69.853
78.0502
82.0533
70.8225
67.2485
71.4773
64.7925
79.3816
82.7268
68.4083
65.5057
70.279
72.9936
69.501
79.5513
55.0231
82.6367
60.6927
60.1128
73.418
75.6
77.5308
76.0666
63.2798
78.8403
75.2318
79.452
77.6658
61.437
68.5696
73.8052
79.5117
81.538
85.4585
85.5069
86.5333
75.2689
69.0534
74.2405
69.6636
60.3928
76.3974
75.5567
80.3665
47.7022
75.173
57.5751
68.4738
73.1561
66.8493
74.3652
70.8099
67.675
72.2755
72.6669
74.8735
63.1129
66.8541
77.3044
82.9964
64.1009
74.7295
67.9002
66.2616
56.4412
69.3593
81.1377
68.5114
90.004
83.9123
69.1063
74.8674
67.8921
62.7399
69.6262
64.653
76.9327
89.9449
72.5376
56.3884
71.091
93.8518
75.4776
67.4502
67.083
72.8191
64.6825
60.3193
81.5285
75.3835
68.7558
63.3775
89.3516
81.7077
74.1121
73.2804
70.0231
68.8603
76.0851
73.8037
76.2587
79.0292
58.7893
72.4533
74.7842
79.5172
76.1622
86.22
62.8603
63.359
69.8351
69.9734
76.3501
69.7852
69.6676
64.5502
70.9984
87.0784
68.0772
73.0103
80.2727
75.3366
61.7324
63.2797
77.2866
76.9694
74.1534
74.3949
69.1181
58.1104
55.6984
76.4108
57.5048
64.5854
68.3737
60.0713
78.9891
80.5873
60.2669
80.6161
69.6604
84.2657
73.4897
71.6011
60.2471
68.4163
76.8036
68.6191
71.4602
85.7118
67.8428
59.3855
86.018
67.8818
74.8965
82.9692
73.4707
77.0509
76.3201
66.2706
68.3586
82.4936
76.3559
80.2616
66.0303
77.7783
70.6824
67.1442
59.5084
64.6224
79.1361
79.9814
77.7044
89.285
94.4456
84.4518
60.8379
65.1879
60.7588
57.0961
61.9108
76.4631
57.8734
72.5642
55.3449
59.474
76.639
72.5365
85.6447
70.1934
74.7453
76.7322
64.4734
70.4853
84.8985
78.0436
66.0714
65.6687
72.2623
82.5961
65.7105
72.7416
70.2666
65.6828
66.6468
83.1959
75.7813
55.8569
49.6854
66.2742
74.1949
62.5441
71.2148
76.4243
62.3212
66.7417
76.3987
81.9633
88.7498
73.3522
66.7102
71.873
66.899
71.2522
57.6632
69.0457
61.6947
62.3578
73.1513
75.3568
61.077
93.415
62.2161
65.1309
66.2146
70.4859
66.4815
86.7068
54.7716
78.0169
83.5717
73.5288
73.4013
74.3762
72.8512
71.6018
67.1273
86.2043
59.6893
73.4393
62.2919
62.4807
84.8108
88.6103
74.6181
68.9222
70.0715
73.1844
69.5025
75.8348
75.9512
69.7234
78.334
68.9269
74.3341
74.6299
68.3682
79.9054
87.4759
73.747
70.1941
69.7558
79.6059
71.8885
94.2025
66.845
86.9839
73.6316
70.6466
63.1366
85.6054
79.4154
83.9723
81.6818
69.0169
71.6243
81.5115
87.7486
81.5156
54.7824
74.7349
91.4167
65.5512
72.6574
62.3514
79.674
88.1932
59.3009
73.6313
82.4234
62.9782
71.6467
67.6817
59.1762
77.8655
71.3767
80.3067
76.523
64.2246
81.1231
82.9546
73.0453
65.1999
64.8193
62.2035
77.4037
68.9474
77.5462
76.1979
71.913
61.099
70.968
73.1003
62.1163
68.175
63.2663
58.9592
90.9958
81.7237
67.783
55.7898
76.5991
78.8393
69.5912
78.072
65.0341
66.0834
68.3797
62.4691
67.72
80.3287
62.0796
62.5831
73.7544
72.1056
61.5878
70.7151
82.5037
79.7938
58.8559
72.8179
66.0093
65.2182
63.3211
70.7705
62.3499
66.5984
74.9743
61.4136
78.299
83.8569
65.8063
76.6029
59.0445
76.8105
68.7827
68.6342
72.6404
61.9405
64.7958
63.2008
78.2013
82.2881
77.8133
75.1428
64.4962
73.8649
64.4686
59.9083
81.8781
64.9804
67.3106
86.9287
69.7998
72.7899
75.2943
78.0996
77.0246
65.0926
71.9549
67.3868
68.1412
74.843
85.4878
73.5635
85.7627
66.8709
58.2678
63.0004
58.9927
69.213
67.763
71.1567
71.7602
78.1513
69.3726
66.4414
66.9633
75.1349
63.855
74.1364
63.8733
71.8831
70.0029
65.1092
86.6648
74.5313
77.0032
69.7898
79.6596
66.3054
70.0742
66.9775
70.0345
75.8636
82.165
77.1653
74.1994
58.546
74.223
75.6581
63.5216
80.8275
91.6514
71.7309
61.0824
83.9156
55.6787
72.6577
91.6332
64.1045
59.9082
82.4017
60.6163
73.5874
78.9163
68.1426
69.8695
80.3154
79.5599
64.0893
80.8276
88.4245
69.6614
81.7328
62.5049
73.537
79.6678
75.0779
53.5116
81.5814
76.0043
71.0343
94.1052
66.2662
69.5711
90.5457
72.2378
81.3167
83.8424
71.6118
60.3343
80.8748
66.5339
86.5193
89.4234
80.7037
79.231
67.581
85.8124
67.768
83.5035
71.6405
73.9962
70.2823
66.5459
80.7704
80.6708
67.4855
58.5182
81.1907
56.6584
69.9361
68.2583
64.173
82.84
71.8369
63.4347
76.4828
63.2587
70.5776
73.8474
66.1915
57.4558
73.4638
61.6857
66.6246
91.59
58.8994
73.249
64.6073
64.6208
90.5685
75.6632
70.677
66.291
75.6291
76.5269
72.8386
72.4146
74.4946
71.6378
86.2811
81.2207
60.2377
69.3204
68.56
70.4087
70.2804
71.4186
84.305
77.1226
77.6737
84.8235
57.8626
78.6257
62.922
78.1337
58.7419
85.9216
80.6076
84.2448
74.3331
71.536
49.9001
76.0358
74.2036
62.4887
76.6387
68.5361
66.514
78.6435
70.5224
100.568
75.9671
73.3881
67.922
62.7034
75.1246
66.7563
69.9861
76.8497
72.1846
73.1423
56.6565
69.9579
77.2123
93.1747
74.8174
69.5649
76.5326
61.2275
59.0027
62.0473
86.6647
70.3
65.2182
73.089
67.9795
60.3026
71.4772
66.4354
75.9823
59.9893
80.1452
68.6303
64.0418
79.4935
72.2215
75.5341
70.3314
79.2873
79.5864
75.2321
48.8674
71.8077
66.8394
79.1754
78.025
57.2273
56.7503
66.6737
74.4967
74.682
76.6912
65.0994
54.5295
72.8797
91.6251
60.8771
65.4593
74.0853
79.4084
78.2801
75.3008
84.5217
66.3714
77.4867
72.9749
58.6022
84.0528
73.0487
69.3294
92.9408
49.2395
79.6629
76.3316
65.5044
69.7765
74.6002
71.1426
68.383
59.9867
62.305
74.2513
65.3951
65.307
69.7453
65.5741
60.8241
78.8198
73.2156
70.6919
61.3407
77.5415
82.2948
64.7694
61.8633
68.8474
72.2752
80.841
73.6659
61.578
72.475
73.4527
67.995
59.5898
60.574
71.8207
67.4983
58.3893
71.7692
70.061
85.0477
78.1653
62.4305
73.9966
67.6253
62.6722
62.6278
65.5528
87.6502
69.4265
89.2974
53.9033
63.7137
76.3538
75.7501
82.4958
69.3733
67.3812
77.4008
58.7831
76.6093
63.876
70.936
65.854
61.6963
81.2257
67.6213
63.56
82.8015
73.5331
63.5627
83.9063
60.6191
66.7152
82.2743
90.5396
71.3456
82.9344
55.5313
73.4844
60.3654
64.9729
68.7932
76.4549
59.2236
55.9276
68.7116
72.441
74.3221
66.9441
67.4357
74.1741
60.4826
73.4194
68.1491
72.8823
61.5532
79.8867
93.5285
74.9022
69.115
68.1672
58.7387
87.1076
63.8833
86.7099
78.3771
61.8943
81.5011
62.8033
64.5908
80.5238
72.716
68.1148
60.318
66.6354
63.9794
68.7206
59.9323
62.228
85.7348
74.9554
71.6841
71.6055
57.4494
60.2996
66.7976
66.5086
70.3114
91.2878
79.4222
61.391
82.2093
56.3498
70.8361
62.214
70.8036
68.6008
65.3226
76.6547
88.7684
69.5556
80.14
69.0404
61.9813
54.3238
63.7419
64.7926
75.4193
68.7014
81.7655
55.6945
69.5264
88.4881
77.9521
53.5208
88.0878
70.5497
75.2563
71.7652
67.3398
62.5724
78.0962
62.8624
68.9921
68.7113
88.2396
67.1123
75.1179
75.7308
65.7845
65.1848
63.436
71.6607
75.5563
81.6294
84.4662
72.6921
73.2279
69.4239
60.112
73.0977
66.8463
74.0151
84.4052
77.9216
65.2654
66.9477
71.0704
70.7408
82.5875
94.055
82.8874
74.6589
73.923
66.462
70.14
81.5138
68.6059
75.062
75.4498
61.8375
60.7888
70.1769
76.8884
80.8367
73.7573
73.7203
74.2926
85.6536
84.5652
59.9708
65.154
75.1883
63.5734
74.6179
56.6717
79.1532
74.409
63.4481
77.8376
65.2761
86.5151
86.139
80.5557
76.1278
67.4841
78.0043
55.9507
71.4966
78.6389
75.8459
63.6069
73.1815
82.5737
74.4686
62.367
79.6388
72.7852
77.357
68.5141
63.5183
87.2653
70.7824
79.1735
78.7757
60.9382
79.7136
71.4707
79.3137
63.8018
72.5706
58.6394
84.3508
76.1367
91.2123
52.275
71.7478
79.0874
80.4021
67.7284
61.0447
66.5261
76.2105
76.6319
60.5632
73.7088
58.6878
74.241
73.1786
64.0431
80.98
84.6654
73.1308
71.6861
91.6415
62.3332
65.7366
69.5118
62.5733
74.1918
59.5911
74.8372
75.035
78.119
55.7947
71.5016
79.0496
70.5444
90.1524
71.9661
77.5589
62.2585
66.8394
61.6537
71.3749
76.9453
62.2526
79.5293
69.1777
76.8339
56.5637
69.1859
74.0328
63.9287
81.0315
78.3332
85.7903
74.2393
78.2101
59.8363
74.8612
76.3482
65.3742
58.3102
70.6003
85.8781
73.3659
74.3118
88.2686
74.1204
65.0385
62.3882
77.2985
72.7732
61.2045
61.2209
67.056
62.5233
78.7775
65.3123
71.3052
58.4699
67.3531
83.2279
72.0911
78.1172
58.0647
64.6647
68.9231
60.0054
72.3359
78.4212
73.8791
55.3887
78.0974
81.0566
71.604
78.896
80.7265
65.229
68.8398
51.9446
69.6667
88.1823
65.233
76.9369
66.0558
60.6508
82.9753
65.9524
77.5194
64.8089
77.5526
52.1387
75.72
71.9879
83.4162
68.4089
63.1728
76.504
70.466
62.9947
67.6697
65.089
72.0627
70.5834
72.3076
70.1704
69.1169
68.7484
83.4803
68.7713
59.0798
92.8293
64.4163
72.2846
81.3228
73.023
76.2663
88.4967
64.9511
74.9251
74.3604
67.8511
63.8134
61.9055
82.373
70.3557
84.9516
72.6347
72.9774
72.4434
96.4681
66.7863
70.6991
72.7678
72.2651
60.247
80.424
67.2675
81.6526
77.6361
83.7005
77.5677
77.5572
79.2835
77.0775
66.6581
68.6413
81.4898
79.3187
61.8391
73.3698
61.5905
65.9441
64.0513
69.416
77.5827
92.0589
74.2755
55.7398
80.8041
70.976
84.1769
57.1622
91.5318
72.6278
76.1688
70.7341
49.3495
76.8806
58.4752
70.3074
51.6383
71.801
61.5867
66.3114
69.9117
75.2527
68.5466
69.3613
53.514
75.0206
70.8966
73.2804
64.3089
67.1966
60.386
82.227
71.5666
56.7522
74.2728
61.5989
73.5148
70.5787
70.0312
70.5219
66.9914
67.3783
67.8343
60.1293
67.1741
87.3997
65.7002
67.5223
70.599
75.9409
71.3964
55.1372
69.7856
80.9638
58.2842
87.1876
79.468
69.8525
72.3091
73.8222
62.7819
60.648
70.7436
68.4643
63.1437
64.3705
63.1516
66.1422
80.9679
88.3347
69.186
74.2785
68.8135
66.7299
70.4378
79.5339
71.4359
77.0428
74.6398
80.3991
60.7451
70.1935
82.7556
71.9913
65.7997
65.8622
69.636
71.8072
72.4135
66.6594
86.1817
85.3025
63.2699
72.3774
72.7845
69.6497
57.2776
64.5061
66.6145
66.3924
83.5986
56.9818
65.2805
76.9675
79.9789
73.6236
69.7347
83.5818
83.8813
54.398
88.1407
63.2066
73.8716
60.9889
86.6069
82.782
63.0759
61.4643
69.0032
82.3048
70.3777
71.7819
66.3318
77.4438
64.893
57.7208
81.1232
62.8638
54.4069
68.7998
84.3167
56.786
76.2115
73.1045
77.2907
86.6166
62.982
71.3074
63.9915
84.5134
65.9145
78.5312
89.8237
63.8879
73.3616
74.384
59.0579
56.3365
71.0494
67.084
72.0548
86.6934
78.3316
73.0843
76.1619
69.703
77.5435
71.1432
66.6137
71.3146
79.5551
73.0923
77.3032
76.4027
79.6299
88.6965
84.1506
61.6767
72.0233
79.2169
72.9181
101.525
66.6214
59.856
57.9278
67.6044
64.5445
60.8029
58.7418
73.078
75.4062
103.572
64.5578
74.9318
68.6685
73.2683
75.4135
74.0783
65.0004
74.2988
67.2429
62.1413
84.9573
76.557
59.0532
59.8479
77.1959
78.9077
62.0042
75.3024
71.9375
66.5693
64.7099
59.6107
66.4557
78.0232
76.3016
79.2314
71.2454
56.427
65.8676
74.0194
69.8146
83.4962
63.4474
69.3046
62.7879
73.4034
84.4694
77.7185
67.3718
75.9522
69.6703
78.3232
78.703
63.2828
73.8261
64.0547
66.7315
67.3198
77.5803
71.7757
59.9188
81.0833
77.5698
85.6058
69.1383
77.8482
71.7063
60.9076
73.4613
65.5585
81.8988
54.562
68.7064
65.2496
69.8104
71.5526
61.3296
86.6845
61.852
69.7744
70.4949
60.0484
83.3882
77.1494
68.4056
72.0904
64.8951
72.5293
59.6526
66.0945
61.1114
68.6489
59.4655
61.9448
60.699
65.7738
71.3079
73.6815
73.2721
67.6019
46.0699
60.7727
49.2902
75.7891
69.9315
67.3563
71.0321
70.3916
68.6853
76.0828
69.4495
59.1733
67.2996
61.1616
99.5874
67.8866
77.4975
59.9828
81.4163
74.847
77.1783
70.8531
78.9729
79.3368
73.4342
78.1103
87.1098
64.3223
71.4134
54.8405
49.9823
58.988
73.501
74.79
68.1804
59.7288
73.5509
55.9275
77.1759
72.6931
73.5544
88.1016
100.823
68.6096
58.9353
73.7812
63.5006
55.6673
65.9238
57.2605
66.5275
87.0226
74.4371
65.2609
69.3443
66.0762
69.9729
78.8225
78.041
71.8743
65.4816
66.5309
68.9395
75.0199
74.4723
74.291
73.4622
75.9157
82.9047
67.3417
77.9202
54.118
72.5458
61.6092
71.3954
66.289
72.6693
65.0979
70.0921
68.0712
67.935
77.1027
83.7391
74.3447
73.9147
75.0979
75.4216
71.5489
58.1203
74.0613
84.0636
67.513
71.4793
61.6005
67.0802
89.7607
66.7844
77.3548
86.7239
68.9037
78.447
77.1972
72.1826
76.8944
79.7107
83.0092
89.1715
79.8268
75.1376
63.0973
71.1267
72.7359
73.2039
93.5382
63.3836
65.9499
74.0094
83.9817
88.1791
72.4785
60.3142
63.4429
52.2377
61.3316
69.0655
66.8524
68.1781
84.9211
63.7645
79.6189
72.411
68.2602
87.0721
65.4261
75.0398
68.1783
74.5099
74.5552
58.7812
70.3786
75.7821
68.2063
71.8171
65.4148
76.1027
74.9861
63.8448
82.0715
75.0909
81.978
74.1751
82.5542
69.9692
89.7158
82.0813
79.3015
93.4484
74.1776
52.3634
93.8643
75.8486
66.5859
79.5332
70.5981
70.5887
76.2564
80.3629
82.512
72.04
63.1628
66.2932
71.7515
79.5187
84.6216
63.3376
72.0259
63.105
48.6421
81.4258
68.5845
72.1352
69.5182
64.3322
82.1511
74.4766
62.9802
83.9311
66.2874
62.376
73.6299
72.9456
63.642
93.9285
75.2523
53.8048
73.0803
69.3373
66.5696
94.7689
67.9228
81.3719
67.744
66.7342
76.6864
85.1094
81.2435
63.0596
67.7578
73.2219
78.1645
65.5566
78.403
72.3374
42.8664
77.8647
96.7249
68.2651
80.7446
75.2838
66.9178
81.1382
70.9002
75.2269
66.0678
60.2763
75.3566
80.9224
64.4078
75.6689
68.4981
67.6134
64.4101
60.2133
70.138
55.7918
66.6978
74.4506
67.8135
94.2641
74.1922
59.4438
92.3771
71.9245
73.4089
78.4015
63.8458
79.0932
65.9962
61.7044
77.9551
64.526
59.7946
79.9769
69.3924
73.0219
76.6986
87.1347
67.5113
82.9667
83.7666
73.6967
63.4382
79.9912
64.746
67.755
59.3374
62.4322
80.7281
80.1912
57.3282
78.8206
83.0772
57.2109
64.4307
65.2962
68.1348
74.6563
66.9681
65.6173
83.8769
68.3397
79.269
66.736
68.1117
80.5641
73.3855
72.1201
85.4513
71.9547
72.296
60.835
60.9094
81.4653
61.2052
60.1222
58.3051
72.5613
65.9275
66.0543
68.222
73.8578
91.5381
70.6138
83.8603
63.2656
67.2595
71.7277
57.2624
84.1331
64.2359
70.6231
87.7595
68.8327
74.2345
80.6245
60.6505
80.1291
75.0743
78.0928
65.7307
64.0447
73.9422
72.9652
61.2067
81.3414
70.5863
74.8878
60.5594
62.0735
85.7115
78.9021
71.4714
64.3464
72.0515
85.8464
76.541
65.6193
54.5054
60.882
77.4847
68.1923
52.9095
80.338
83.5439
66.5136
64.3886
64.0401
69.8018
52.7458
78.0011
64.2034
71.5238
78.8292
76.1459
90.2615
58.7959
65.425
60.4105
69.1301
81.4622
78.1018
73.7691
58.903
68.6557
70.912
90.7412
91.6136
78.3897
74.9519
64.4273
61.9855
62.8104
58.7933
65.3708
66.68
55.9971
65.6106
57.9763
76.4061
83.2299
71.4021
60.0548
58.4962
89.3257
58.6058
76.6793
56.8557
69.622
82.3922
64.694
68.6432
89.5348
72.9965
71.9369
91.3187
60.6786
69.3999
70.2698
74.8467
60.4469
67.8222
71.1439
80.0214
65.2543
72.0901
76.1571
54.0129
66.4706
67.3943
73.0024
79.9335
66.4181
57.985
75.3242
71.195
81.4033
64.8816
77.6777
72.2496
85.7501
63.4655
63.4585
76.5336
76.4387
76.5378
79.3003
70.4386
76.6443
66.8446
81.787
74.8208
54.3349
69.7841
83.6867
67.0349
71.0278
81.1077
78.31
62.5122
77.3348
80.8641
82.1937
80.0135
70.6996
70.9876
67.5729
68.0252
67.4187
68.2946
70.1014
75.7501
71.1842
71.9357
57.6981
71.4174
75.1653
72.8149
71.8371
88.3442
70.2353
73.0741
89.3249
78.5833
70.9368
54.4529
78.6406
62.4734
63.7551
80.7772
86.9076
76.8859
75.9359
71.3789
70.5277
73.2034
72.1402
65.7719
81.46
86.0207
68.5616
73.1411
69.6152
65.2596
69.9559
72.5024
69.5666
77.24
66.9449
65.5814
67.0846
50.5568
43.4801
80.2802
64.8358
67.926
76.1589
80.2734
72.2728
69.4122
72.7812
76.2943
74.0237
62.9031
66.9684
68.5317
72.9573
74.0895
85.2794
65.6706
73.744
70.4199
83.8164
71.5017
77.1714
76.0324
61.3211
70.9502
67.7518
64.7822
88.7033
66.3361
61.1586
66.8073
82.356
72.9039
88.5799
79.4068
69.2481
71.5058
66.7229
74.575
72.7332
77.7426
67.8545
57.1965
64.1029
69.8288
84.2115
70.6534
69.9926
73.1638
72.7615
64.5902
76.8391
65.7034
65.8267
76.1104
88.5915
62.4473
69.2341
61.1497
58.5602
84.4043
76.4652
80.4376
79.4408
77.3674
77.3237
72.6895
62.3309
66.496
63.5843
68.654
60.6397
70.299
64.4919
90.8875
61.1819
74.3223
74.3814
54.5078
62.2325
78.8587
75.4712
79.3524
61.9399
73.3274
77.2435
85.8622
75.7271
66.3638
76.3793
67.3601
69.1229
58.3028
75.156
66.1676
76.6579
69.7036
75.4071
55.1263
74.9871
69.9959
89.181
83.0413
77.3688
71.437
68.9862
66.5634
79.082
63.3618
80.3365
83.9327
85.1456
67.6176
72.7379
76.4078
70.8051
66.9286
84.06
86.6174
58.4815
71.8898
59.7705
86.1792
67.218
66.7734
76.2468
64.3719
90.6365
61.8768
61.9805
76.812
70.0922
76.7582
65.9636
70.1906
77.0039
61.5041
58.3129
68.9799
66.3426
59.9004
84.0582
66.5642
73.5885
71.3076
80.1101
67.4254
67.9681
74.5167
79.3806
71.6189
64.7218
78.2262
61.0329
55.7864
85.0022
62.1181
74.743
74.0333
69.6125
67.0388
79.5647
64.2938
73.2399
65.2947
73.0276
77.0616
65.9723
80.3925
72.7007
75.8316
72.1362
75.1338
91.4223
64.1818
84.4977
82.6193
63.673
78.7896
78.647
72.8545
72.9376
62.2527
85.341
79.2273
75.8528
62.0927
74.7096
90.6704
62.7049
57.9593
65.1868
60.7766
60.577
82.2904
77.5223
79.2022
57.2047
77.0284
68.2231
80.7237
65.2565
71.3912
69.9623
83.0528
69.9324
90.091
59.5369
79.4871
66.4589
65.7507
78.629
69.6027
74.5939
72.0706
71.5219
62.5643
77.8705
65.2188
98.6124
66.9383
70.4253
67.2433
61.457
72.2471
79.052
56.1542
63.914
61.4753
66.8874
69.82
74.9468
82.7768
83.4465
69.6419
78.0578
57.2328
83.3457
65.5344
74.2571
93.652
66.6459
53.7749
71.7831
74.8051
59.8844
59.6478
69.2824
61.2427
79.1537
76.3892
93.1279
64.5146
81.4359
80.0664
78.528
87.3673
74.4051
83.3933
68.2522
60.0853
83.7949
78.6407
88.8466
77.8134
77.5304
58.1523
64.5494
57.4413
66.7509
76.4991
69.927
78.6153
75.5078
74.9906
70.9583
72.5753
82.5648
88.7087
72.1356
64.2886
71.9094
78.5134
72.5951
72.4276
81.0048
69.4342
75.9227
67.5475
57.4862
88.2873
78.2102
74.2029
61.2151
77.1331
68.8709
85.3442
83.0346
53.7965
71.3645
73.0329
83.464
66.5309
84.716
80.3026
69.0075
85.6715
65.5959
63.0012
63.5313
62.7573
72.6825
83.6531
77.2479
64.7342
56.0055
67.6773
65.9594
87.0953
72.4757
81.9876
66.2788
63.6338
85.8802
71.455
91.2265
73.8006
77.4045
58.0153
83.4052
76.3273
79.0853
63.1012
80.9986
68.2066
77.4778
76.8834
55.5373
64.4146
72.2535
72.9244
80.4001
76.8662
87.7535
70.2409
63.8185
78.5385
80.659
68.2041
67.5175
69.8075
63.4395
53.2518
55.1635
59.4447
72.9771
65.2297
66.216
65.7788
80.7255
72.8188
60.1343
61.7014
64.4042
65.261
68.1308
62.6705
74.3904
78.8802
70.4907
71.1474
80.647
63.2098
71.6335
64.1919
81.7382
64.1461
72.0857
65.648
64.7085
76.8765
80.5988
74.526
68.5887
71.2464
70.4793
75.768
78.8874
72.0389
65.3861
74.7103
83.0804
81.9522
74.1219
71.6719
81.459
70.982
83.0404
71.2875
66.2988
61.8822
65.8041
66.7966
72.8588
76.8106
62.0408
73.4509
68.15
69.664
65.4581
59.9524
81.1414
64.4774
57.9361
61.2099
73.5503
79.6748
69.3679
53.1813
68.1595
68.867
79.0314
66.5122
75.1212
67.6956
76.6732
71.3959
70.5207
70.5798
65.837
66.777
61.8996
66.6486
61.0016
77.5391
66.4949
77.1971
78.2664
83.634
58.7494
79.9731
67.0483
69.3715
60.1916
95.432
84.854
68.8432
60.4354
77.9653
63.0654
81.969
72.5149
77.7711
80.5525
71.5081
77.5862
84.4766
82.9862
83.0764
76.5944
79.004
68.9186
73.1956
74.29
92.7352
65.9263
80.1391
80.1397
70.4323
60.9991
62.0702
57.8011
72.6307
76.1298
78.8498
72.6837
59.439
