96.6363
86.657
111.009
114.335
101.625
95.1036
87.467
88.7464
102.511
92.5859
109.817
98.1722
97.3533
96.0169
87.0177
110.248
92.5322
104.929
93.6174
100.105
81.4452
97.5705
86.7709
86.3463
104.208
102.146
99.8492
83.461
116.041
103.143
104.103
104.22
95.5904
88.841
101.82
89.2709
99.426
104.41
89.1878
103.023
94.0637
91.1486
88.893
107.719
94.4153
88.6685
95.5967
105.489
93.2471
96.1265
97.505
81.1537
86.6883
114.968
108.649
98.171
85.3407
104.982
88.3285
96.5529
85.2496
94.1531
101.417
97.4663
92.1642
86.1455
94.9025
82.2278
99.4579
122.147
94.2712
102.355
88.8175
103.734
110.975
96.8112
95.2665
96.2499
89.2304
99.0966
88.0648
96.2701
89.9977
89.7288
106.141
98.7845
117.007
77.5295
84.3402
94.9484
103.207
109.541
96.4464
115.785
103.043
102.257
98.7471
95.5931
110.203
99.7294
89.7784
103.259
91.7394
93.4583
91.7544
108.244
91.9515
91.68
94.902
105.251
85.3774
86.6923
95.6372
86.616
98.2125
92.939
97.593
96.4326
90.3053
83.7044
86.3277
95.6738
109.405
96.1477
91.8891
87.6967
98.5224
92.1489
99.7915
93.2489
100.491
97.2095
89.1068
108.524
120.622
94.3089
93.8167
86.2807
97.6466
111.405
114.057
103.863
105.062
89.9444
81.2318
110.163
86.6329
81.3885
101.857
86.1482
98.2722
87.0786
98.0545
102.085
93.5706
98.0262
95.8659
98.5322
84.766
94.7889
81.4597
85.4045
117.967
106.595
77.7361
82.7563
96.3479
101.586
103.221
85.2252
85.8694
88.4664
100.821
102.709
91.2853
103.058
100.987
107.249
86.429
85.8364
98.2307
101.191
92.3854
83.2663
86.9259
96.6224
84.5844
93.5836
115.345
96.6427
88.2873
114.736
81.535
91.3447
78.7816
89.8009
100.815
95.5907
125.532
98.8906
91.6546
104.57
100.28
108.615
97.5632
99.9075
82.9206
91.1472
93.0415
102.627
101.458
87.5559
94.6266
91.6384
102.296
106.48
93.6268
102.426
89.5308
90.8721
93.1956
98.3261
111.985
92.4559
91.3404
96.9915
91.2556
103.453
104.277
114.185
102.074
96.3329
94.2453
92.2766
99.6954
106.105
106.59
81.8881
96.2502
96.5835
102.14
117.328
98.2255
87.4302
105.469
112.404
113.163
100.623
95.7447
108.33
93.7891
82.6992
109.812
91.4433
103.47
87.4648
90.5905
92.3177
86.4755
94.2314
99.0203
80.9856
75.4639
95.9235
89.2585
90.4984
91.6122
104.568
96.3001
87.7735
84.3527
110.263
92.8426
94.408
97.5061
101.596
81.7505
97.5197
85.1539
101.755
91.1196
93.1895
84.34
86.4709
103.467
92.3193
99.0297
99.3866
114.383
98.9575
83.6497
76.6181
106.848
84.5526
94.9033
100.617
80.1142
96.7925
91.87
100.697
90.2073
105.993
92.5218
89.774
111.987
96.6629
101.443
89.4244
93.7422
85.371
103.142
94.3491
105.623
103.218
83.6482
94.2269
99.1747
99.6267
91.3202
84.8061
93.2835
99.384
93.0149
99.1615
96.9044
105.311
73.2944
117.781
104.791
88.7286
98.6372
88.236
96.7577
96.991
94.2611
90.2149
106.316
100.91
97.1545
96.4215
86.8825
110.638
105.595
104.718
100.841
95.4037
76.7989
95.154
97.8781
99.2571
93.1421
97.4192
97.2869
102.784
98.9064
74.2138
93.7869
96.6893
98.2031
80.7436
72.3483
88.8747
94.5474
76.2558
88.232
83.1699
89.9235
91.6093
94.4099
101.446
106.015
95.0761
98.3556
89.439
90.0974
100.538
92.3698
103.373
85.2545
93.0088
98.6713
89.2998
101.458
108.862
94.1837
90.8771
88.1572
86.3762
106.108
86.4778
99.7504
108.124
97.7423
102.47
92.8591
98.5864
82.2089
96.5731
100.66
83.7422
108.372
90.523
85.9453
105.827
93.5433
97.6093
95.6706
99.3372
93.9853
95.5591
95.1292
103.146
91.6789
92.1675
79.6155
88.6092
87.5362
100.05
111.208
97.8852
97.1833
113.009
95.0232
100.885
95.7518
101.739
100.676
101.984
107.643
85.9748
95.6157
104.995
98.8635
81.7463
88.6925
109.367
96.295
105.532
99.6012
101.053
101.018
102.477
91.9896
91.6118
97.0242
102.808
83.4448
87.7336
108.168
91.6462
97.1195
100.297
86.486
95.1075
85.088
100.335
85.8326
85.1138
115.244
96.8783
116.911
98.067
82.9299
95.1798
107.427
87.5824
79.6122
103.333
74.3283
88.9057
90.7984
86.9034
96.4454
106.319
89.3684
117.674
84.8596
85.7155
99.1542
97.2663
92.3274
90.0238
76.9785
99.3753
91.5626
91.6574
93.2021
104.482
98.3833
95.9007
92.348
87.6246
97.8479
79.5465
102.975
102.433
90.5118
95.0351
89.3985
98.1783
94.0288
97.0861
95.6818
98.9187
86.4486
103.004
95.8548
91.7631
84.7885
83.3704
93.8717
112.583
87.083
97.0518
104.034
121.766
85.3313
100.262
86.2642
94.6966
102.201
98.7955
106.5
92.2182
85.5047
105.177
91.6759
119.009
99.926
85.7488
88.1443
90.5764
103.847
91.8318
99.5052
93.6199
94.9381
89.1316
90.1975
83.726
92.2538
91.8103
96.9521
81.8032
89.1209
92.0779
83.8569
91.0065
92.7855
95.8102
87.4981
92.2543
99.3799
100.233
85.7663
95.3603
87.0188
90.042
98.2605
80.0974
87.6831
92.6879
93.6366
111.304
117.029
90.0451
87.103
103.501
92.7936
103.824
92.3348
86.7799
91.8985
112.387
82.726
93.4925
104.419
88.2886
86.7401
91.9369
103.189
103.207
105.951
96.4202
90.9283
112.171
107.243
89.673
92.4276
86.9362
97.422
99.6227
108.833
111.807
85.6038
93.569
90.6201
96.5952
84.51
85.9892
98.7594
100.389
119.642
95.2931
105.477
86.7401
83.8759
84.1195
102.221
108.413
110.561
105.973
113.046
90.7932
103.803
89.1332
94.9247
87.3803
103.514
114.637
106.122
104.089
80.0139
87.0358
90.3923
83.1672
106.845
90.2352
114.231
106.341
100.402
99.1895
86.7429
80.5561
93.9378
82.9557
101.524
91.1282
92.9623
91.2134
85.3381
96.6717
98.0554
89.5342
100.543
94.6043
87.2903
85.8638
98.1576
93.5108
95.9257
89.6546
95.6631
102.028
101.446
96.6532
90.6876
91.7177
100.494
107.182
95.3217
108.405
92.1827
94.3613
108.623
125.607
107.57
89.0156
102.063
102.89
103.879
88.9003
104.575
92.55
85.3171
109.516
89.7007
93.603
94.1401
97.2207
100.876
108.255
84.1698
98.501
102.466
82.8306
95.3819
96.3949
90.1786
80.0641
90.0179
85.0195
99.8517
95.0415
88.9678
90.7611
77.5554
96.9149
84.5358
94.5754
100.802
76.9641
87.5463
94.6735
91.1315
101.946
83.8213
120.626
109.741
105.735
91.2867
99.2067
103.776
82.2946
93.9769
83.1745
91.8198
104.793
104.511
88.5663
90.7087
98.1554
114.969
85.6227
96.4093
91.1208
111.572
100.162
86.5408
93.641
87.0434
103.305
105.097
100.522
89.9631
91.837
89.9428
100.452
98.4688
86.1265
87.071
97.7294
100.273
102.317
79.3067
85.6052
91.9548
109.281
88.455
92.0324
100.553
108.453
88.8221
105.893
92.0718
87.0181
115.832
94.6459
88.29
90.6006
107.064
92.3236
103.838
90.5996
106.361
97.549
88.1786
102.588
100.037
88.305
86.1641
84.87
93.0819
74.8342
95.875
93.8769
90.9564
112.771
93.9849
97.8366
115.146
88.7649
93.5042
99.3493
102.021
117.728
107.355
73.872
103.462
105.423
105.844
81.7555
98.2879
85.5808
83.8836
103.741
94.8505
76.2048
91.3595
110.768
97.0977
109.832
92.5208
94.5957
91.7315
110.158
95.2946
107.604
91.0861
92.9959
103.292
88.1297
85.577
97.2931
93.4013
103.27
133.556
84.5796
100.632
99.7554
112.157
93.9978
93.4942
97.5045
110.549
98.4932
115.471
103.296
107.141
75.6749
80.0385
113.414
105.168
89.3192
102.325
101.35
110.863
94.8791
91.7606
95.2322
98.5775
101.885
92.095
96.6045
97.3509
85.5184
93.4236
94.395
116.101
97.0902
103.915
86.2077
72.5115
102.221
84.5685
93.7513
86.9485
83.0095
93.1379
82.6259
87.1185
92.6485
95.2722
117.285
81.3818
84.5498
84.7067
99.0076
95.2738
98.2012
103.789
82.9261
117.665
94.8453
103.579
110.82
108.871
90.1628
98.6348
87.9016
110.975
85.5229
101.574
89.5616
92.679
91.7806
85.6179
106.781
96.3579
97.9816
93.2197
91.708
110.036
88.7529
73.2355
114.845
96.3173
94.5993
99.5233
98.4846
98.405
101.726
102.377
81.6886
92.122
93.2023
90.0372
96.2169
83.7787
106.659
87.7085
75.3401
116.104
94.0309
85.731
93.8708
115.331
112.575
87.6065
95.3305
106.876
82.9069
94.8652
92.8268
88.8905
95.8007
98.612
106.34
97.4046
105.946
97.5302
92.2727
87.6598
98.1783
97.9773
97.9553
101.244
95.822
113.211
90.2508
87.0108
100.233
89.3205
82.5573
104.404
92.3874
94.2888
100.803
82.6681
90.9393
112.707
91.1587
84.7721
95.7039
91.8239
80.2479
92.4311
99.8646
99.0262
99.9347
91.1886
96.5036
97.387
104.554
82.7283
105.896
91.6837
101.695
100.864
89.299
90.6523
109.755
97.7399
101.65
95.2717
104.609
85.1347
88.3882
96.4613
103.353
95.9201
94.4097
92.0257
99.0986
101.261
102.216
89.5615
100.079
111.585
91.8508
91.9975
110.149
109.507
79.3849
106.274
90.0472
104.786
106.523
92.3881
94.4912
73.6684
104.884
98.8063
100.372
101.1
111.803
83.392
105.73
104.483
98.1291
88.0065
75.5715
101.274
103.294
92.104
88.4311
88.6141
90.9313
82.0664
98.8478
107.763
88.034
106.759
100.103
89.5596
84.1945
95.425
93.7353
84.9475
95.2675
85.0322
104.846
87.9992
84.6035
119.725
100.489
93.1059
79.9617
99.0952
109.034
99.7189
107.515
109.152
96.2057
119.856
100.197
88.1837
108.934
102.737
85.2402
100.531
87.0964
82.7216
88.8126
100.655
92.7592
102.655
86.0043
86.4436
91.7612
81.5856
102.116
107.358
82.8213
97.0945
86.1764
105.43
99.9236
87.5742
109.283
87.0289
84.276
89.9848
94.4261
109.698
93.9174
89.3942
97.275
91.7429
81.4026
87.2416
103.424
96.8541
108.156
119.188
84.3915
98.3058
89.3416
81.4598
88.7956
87.4218
87.9461
92.2103
82.6614
91.0011
94.806
90.7502
88.1377
93.4278
124.393
80.1019
102.696
91.2894
82.9916
98.7224
85.4237
94.5349
77.5412
97.6405
100.431
99.4705
95.393
103.252
87.0757
97.3087
106.307
107.483
85.7848
98.6129
80.9367
87.5857
96.5877
92.4643
99.4746
84.7809
99.5009
94.8691
84.1091
94.4137
88.7396
106.849
86.218
85.4285
105.593
112.208
97.1921
84.8521
91.5229
96.262
84.9092
98.5471
86.8166
97.6768
79.1925
99.1843
91.3933
88.8522
100.148
93.119
105.311
84.3483
93.2524
91.3265
90.1277
102.331
102.883
81.6534
97.1137
102.399
95.9129
115.166
86.7179
99.6822
96.8843
98.0291
85.6994
95.4623
105.7
98.7669
105.931
89.6589
96.2676
101.565
85.8064
108.28
81.8889
105.257
84.9165
101.512
119.597
83.4072
95.2615
94.3118
96.6985
91.0452
104.496
90.1268
106.903
95.0216
91.1243
85.8633
104.411
107.816
78.8676
87.1715
105.966
94.6824
101.29
99.9884
95.8216
107.1
90.7583
81.9778
100.72
107.707
103.185
103.013
86.8074
89.0863
95.3505
112.161
98.4213
93.802
102.828
84.4184
96.0032
104.213
103.028
82.6209
101.567
100.763
103.309
102.199
111.158
94.5001
80.2698
86.2822
94.2271
81.61
104.428
98.0565
94.3974
103.184
103.103
92.0626
93.8292
90.0738
109.319
84.0549
97.738
94.6275
87.2939
98.7541
98.6297
108.921
98.3499
106.109
100.997
92.7701
101.268
94.7945
94.5759
101.924
95.0571
92.8237
96.9559
96.4017
102.506
82.4924
94.4578
93.2068
105.334
97.3296
81.0228
79.5868
94.736
97.8061
94.7232
103.328
89.4277
89.652
104.705
89.4709
80.7236
92.9894
86.0161
100.553
91.0263
80.0194
88.0184
94.7251
93.2948
97.7327
90.0146
89.5975
103.466
95.0278
87.0018
110.446
103.436
69.1045
101.226
107.863
96.2836
100.711
90.7215
106.198
93.0531
86.6904
101.17
102.1
91.7864
92.8665
86.0239
104.835
90.193
97.5572
95.7766
92.6006
94.2555
99.0214
104.018
94.0046
105.796
94.5015
84.3546
80.8422
80.5481
101.293
91.7199
114.837
91.284
102.622
83.1194
88.6748
87.7822
98.4526
85.5828
98.4462
87.7965
94.182
107.952
90.6703
95.1135
100.908
104.111
107.579
108.893
86.4229
108.32
83.9822
98.2433
93.3194
106.413
100.37
96.3429
98.3171
99.0077
88.256
83.092
91.0501
91.829
99.3083
103.071
87.0164
93.859
116.352
96.9779
82.4847
95.1663
100.83
104.284
95.423
92.0405
91.8069
90.9917
93.4252
96.3202
94.1301
106.768
87.3217
93.1757
99.5763
110.475
96.9572
96.1118
98.095
83.9019
93.2168
100.227
97.683
87.8834
95.5819
105.321
93.3091
112.944
96.6248
94.4484
96.4756
85.459
90.4767
103.568
84.3045
98.7028
99.815
81.1423
91.5135
98.9549
87.718
95.4553
99.4758
101.461
94.6609
102.211
98.4458
93.518
100.748
103.426
109.972
115.814
94.0465
91.531
93.3619
99.2609
96.659
87.6564
90.1391
105.607
94.0305
83.7878
86.1975
89.8061
108.736
90.5513
94.1534
87.2852
86.1684
98.0531
106.194
92.1827
105.862
104.067
92.6294
104.808
108.54
88.9048
118.06
99.3729
88.9049
100.081
98.3076
94.8247
96.1836
80.3078
85.9376
93.3482
106.29
100.361
96.4153
86.1685
91.3819
99.7966
97.9447
91.1431
95.026
99.5925
95.3275
107.643
112.305
86.9892
90.6868
96.9915
100.016
93.8754
90.1037
97.7449
100.297
99.088
93.0541
106.605
84.5468
120.329
82.8416
98.0067
99.8833
97.603
95.435
90.679
111.221
107.957
96.4893
85.7702
95.228
95.587
91.5684
101.262
106.849
99.7857
92.8283
82.9756
86.1026
99.5572
97.2308
107.556
95.2824
96.9518
104.429
93.7283
92.8473
94.9688
115.666
86.1569
104.012
103.661
104.308
95.2815
98.1735
88.6578
93.9919
102.099
119.582
95.7651
101.281
90.5616
99.1305
111.467
80.7767
91.6799
98.7784
83.6358
99.3983
122.527
104.406
110.038
83.8915
86.643
113.575
103.254
101.262
93.7511
105.767
102.684
108.267
86.4503
97.0107
96.4537
96.9417
107.619
94.5482
98.3098
102.052
100.517
85.4447
98.8422
99.709
94.2043
78.8015
119.056
83.1791
93.2433
73.4949
92.1304
84.1414
105.428
89.1338
91.129
102.814
85.7543
85.47
110.831
92.411
99.2735
91.3409
91.8917
103.097
101.839
91.4004
107.48
99.7798
103.882
92.4133
119.172
112.864
98.9285
80.361
92.1934
93.4242
93.3179
91.8431
101.153
81.0163
97.1639
82.0424
92.4657
96.0237
103.453
86.465
94.108
87.6535
100.951
104.508
95.301
100.578
99.4498
105.952
90.291
105.625
105.383
99.0072
94.5436
96.7495
100.025
93.0821
96.4975
93.0296
96.4482
107.224
99.8608
101.384
99.3278
91.7456
78.0479
84.205
87.2388
110.355
92.1877
90.2911
97.0958
95.8145
97.6186
95.1012
93.43
90.2659
84.204
100.61
88.2907
79.0184
99.0441
88.0035
89.6736
88.7136
95.2721
95.866
101.793
86.2414
74.5853
82.3799
94.7303
85.1087
91.7856
86.7134
90.7371
93.2554
104.546
98.3458
92.8011
103.318
104.285
98.5233
86.7987
96.7153
116.057
91.07
82.5905
87.206
96.3936
92.7327
85.1969
98.6088
96.3499
111.122
88.1405
82.2784
93.2402
101.721
91.0707
91.6169
100.661
97.4912
111.82
94.2201
77.4115
86.2695
82.8767
94.24
108.932
80.2114
98.103
91.4131
84.4448
94.614
91.1206
87.8901
105.294
89.72
94.6837
100.627
102.063
100.44
98.7865
98.077
98.7596
97.4171
103.778
101.834
76.8059
104.956
98.6195
84.1234
80.1857
98.6079
89.4504
91.53
95.3158
103.095
93.4199
95.5671
98.6387
95.1422
91.2213
93.3401
97.982
105.587
105.518
93.8657
85.3735
89.5241
95.1757
114.895
97.7459
119.282
94.6557
97.1058
113.79
107.87
112.283
100.339
74.6353
103.684
95.2232
106.047
88.1574
100.021
97.7503
104.93
90.884
108.664
99.1826
94.2325
84.0653
90.0249
90.9079
80.6584
86.2992
100.595
116.677
99.2435
84.8982
93.0845
103.929
89.3649
91.9293
85.624
103.204
97.5685
88.5955
97.8505
113.571
88.4736
104.106
94.9876
99.8447
89.2181
91.5156
99.6769
89.9636
99.141
94.7318
92.983
92.2729
98.921
96.7358
107.898
107.791
98.555
98.6167
94.854
109.322
85.1447
89.3197
102.923
100.713
86.5758
100.485
101.912
102.142
114.579
90.6969
96.2848
101.714
84.8381
89.2753
96.0591
75.2425
90.4053
105.102
92.0461
100.461
94.9483
99.699
95.6838
96.0973
106.867
108.732
88.6376
100.397
97.4155
83.0653
93.3654
85.2134
113.305
96.01
92.7535
97.3789
83.9382
89.5018
100.143
106.872
85.3677
93.0903
87.7105
101.734
93.8146
88.4413
92.9864
87.4642
87.9782
108.579
93.7347
100.405
76.9605
88.5198
98.354
95.864
84.5213
94.7095
95.0921
88.8165
94.9135
85.1944
91.9006
92.47
98.7448
86.1236
81.212
90.382
106.738
90.025
96.6401
102.148
92.3856
85.3334
86.8084
118.744
104.982
99.5475
110.141
95.6982
85.4295
92.98
98.9393
97.7128
97.7906
106.403
89.0089
94.3339
78.0466
87.7057
89.7396
93.8575
92.5431
82.4902
111.552
103.949
98.5893
81.2768
94.6822
83.308
87.0861
93.8509
105.206
85.5651
88.1911
96.1223
87.1261
91.7486
86.9953
101.408
114.406
91.3736
98.5165
94.2542
91.0817
96.2649
92.9022
102.201
106.94
94.1536
88.0891
99.3414
94.2668
97.7893
100.386
99.1863
98.3653
97.0563
108.143
85.6238
96.331
91.555
103.747
88.2367
110.594
97.9878
108.081
108.142
77.9359
91.8936
107.495
83.0386
92.4502
95.7441
91.6606
88.7702
107.771
103.647
90.7322
91.481
107.735
83.5692
99.7121
107.903
90.0807
87.6487
93.9826
89.0905
91.6675
97.7807
114.232
98.699
94.0744
101.791
86.4197
94.8699
88.4235
84.8476
100.482
96.3729
97.0636
94.2843
92.3582
92.5823
97.1801
107.128
117.54
98.0387
107.038
88.3112
101.477
93.8188
93.8659
116.809
98.7581
100.349
92.0614
79.4967
99.5111
116.981
81.6863
84.8194
101.453
96.4694
124.77
77.2595
104.475
95.5949
90.9864
99.512
94.8513
128.036
102.767
104.42
90.9405
88.682
107.581
91.9218
100.403
80.3652
95.2179
96.5803
103.242
98.834
95.7051
89.063
90.3017
91.8134
116.73
99.7828
76.0152
106.359
95.8542
96.032
92.2754
88.7892
91.2066
84.0307
88.4229
89.0503
86.3227
84.4391
96.4948
87.2389
110.826
90.5071
107.227
97.0332
88.6858
97.7873
99.8016
98.2947
93.2039
118.183
104.865
92.8548
88.5059
105.054
97.3778
105.586
94.5034
122.847
89.9156
95.9042
105.215
85.9427
102.095
94.9684
87.904
90.7147
85.2896
88.8677
97.0368
99.0509
89.9792
106.335
92.8258
102.053
99.5133
89.0169
83.4267
92.05
95.8283
107.872
89.2362
99.1048
89.8195
93.8701
83.4051
86.6081
105.214
90.4634
92.4101
93.558
81.057
106.121
88.857
106.427
85.2649
110.009
99.8736
98.8985
98.3165
91.393
92.9513
85.8241
96.345
87.1754
89.6341
100.372
106.716
103.079
111.11
84.0146
101.761
87.5681
109.622
94.2004
89.701
100.19
88.9016
109.846
95.8835
86.6243
100.236
91.6263
86.1129
115.213
88.4927
94.0477
96.3534
95.0731
86.0258
94.9597
101.216
106.783
108.697
95.4664
98.0626
101.233
99.4328
111.95
97.761
94.6551
89.8843
105.141
91.5061
108.324
101.681
101.738
92.4087
111.257
82.3864
102.058
108.071
82.4742
89.4246
96.0658
95.6261
95.6402
88.9499
113.217
103.418
98.7098
88.084
95.0455
74.7727
97.3425
110.655
97.0572
90.3509
97.6446
97.5332
102.853
97.8553
105.669
98.2701
81.1606
102.811
105.823
94.0462
100.265
91.4755
96.0966
100.477
109.196
100.241
85.0856
93.7937
97.9093
100.059
92.2447
87.9354
90.6233
105.76
91.4618
101.804
109.844
97.1856
95.4017
103.233
103.654
100.851
109.041
89.2256
92.9375
93.859
81.135
104.832
95.7601
92.1332
86.7434
101.928
89.6688
94.7799
92.2563
112.041
89.1452
91.1972
98.6804
88.9308
93.6757
104.821
83.7164
83.1807
99.96
92.1504
110.929
94.8178
81.9188
85.172
102.746
99.9593
88.2739
93.117
98.1565
100.272
88.8372
105.796
84.1536
109.222
88.9758
91.5683
70.9115
96.8402
99.1313
97.8367
100.489
92.1137
97.7589
93.971
93.9049
94.4675
94.6522
95.3193
114.596
93.6299
103.998
103.09
105.724
91.2463
80.5807
96.3572
104.596
80.4189
90.586
97.2124
103.98
102.663
115.126
82.3456
92.8181
84.0351
95.3041
95.1448
98.7439
103.617
88.0058
91.5765
99.5699
100.015
95.9119
104.004
111.468
87.2039
100.692
85.7745
100.192
103.382
92.5519
82.1551
88.6978
96.3201
95.1018
106.397
89.9095
89.1582
99.9691
91.9947
82.055
95.8445
103.46
88.3457
91.6686
91.5242
87.6443
104.955
85.9184
87.3461
103.63
91.7696
112.054
110.382
93.6292
93.5192
100.783
91.0454
81.9467
87.6589
98.5461
98.0048
96.6617
113.825
107.988
81.9823
85.0756
108.609
92.1708
95.9087
88.2809
92.2532
98.9301
94.3965
94.9568
88.8055
97.4074
101.154
90.2883
94.5534
90.2895
87.4198
116.598
95.6004
100.242
101.06
92.6107
98.367
103.406
93.9681
92.5363
97.7508
103.995
106.554
90.3151
84.2209
83.4212
85.0361
100.093
92.5716
91.8478
88.4709
105.126
109.785
88.6639
95.7559
108.133
102.935
100.143
88.6008
84.6067
91.492
89.1714
80.868
94.7929
97.5213
105.794
95.8747
92.0518
91.4464
92.4459
108.551
113.027
84.4323
84.7719
96.1478
87.678
88.057
98.0076
115.15
97.5568
84.7181
123.969
88.153
88.5798
101.651
94.4747
95.9755
101.834
100.08
84.7212
87.4439
104.978
95.4007
92.1046
69.9062
104.321
90.3478
107.516
77.9063
97.509
108.159
90.8518
92.2007
99.011
90.8561
93.2323
105.351
94.503
99.3213
90.9436
105.165
84.5191
93.4816
88.9583
94.84
97.9413
98.5172
94.1033
96.7793
97.407
99.0659
82.2557
89.8135
92.6909
86.2679
99.3917
99.3271
99.1409
108.33
98.7867
86.5426
89.6121
98.0669
101.122
98.5384
102.364
89.3896
103.047
98.4369
100.705
93.6922
102.572
84.2176
88.4448
97.2965
115.216
98.8496
103.98
96.6093
97.2903
105.507
85.445
102.222
72.6171
93.1967
85.5288
103.948
104.495
89.2657
87.0898
91.7632
87.0027
80.7427
104.006
91.4537
102.711
97.4807
109.646
99.8907
86.8668
83.7018
91.5292
95.5066
91.6304
94.632
81.0766
98.6923
95.762
84.352
112.405
80.1907
91.2371
100.267
97.3402
98.6221
94.7092
103.495
100.93
97.759
94.2736
100.034
97.9442
93.5371
109.239
89.5299
87.7199
92.8338
97.0014
78.8108
100.38
101.769
104.11
101.977
93.5523
93.3348
85.0952
85.1451
94.295
116.087
120.965
101.865
99.4543
92.204
90.8959
86.7826
99.6873
107.986
93.2176
101.152
93.4452
82.4084
105.919
94.8002
83.1047
91.6084
86.378
92.2073
95.7296
91.9564
95.0341
110.25
88.5741
95.2274
89.5522
85.1283
90.7584
90.7879
97.346
88.2466
92.6609
97.7883
93.9618
97.7092
84.6694
99.9813
88.8191
86.2915
96.6682
86.7054
91.54
96.1441
85.6338
103.039
107.509
85.7139
76.9195
93.1548
97.9913
83.0586
99.7037
106.06
95.3047
95.9455
100.866
109.928
89.6147
90.5892
94.2015
78.5429
112.425
114.674
111.498
94.2297
88.668
100.606
99.8156
79.7913
108.658
88.246
78.1577
91.561
86.3678
92.8711
90.325
113.076
92.9112
88.9703
87.7964
104.291
82.0149
97.1767
91.8585
93.6374
119.887
102.334
101.196
84.6681
83.8447
103.146
99.1992
84.5449
87.9862
93.0685
89.5297
96.4119
94.5613
94.0905
108.689
114.84
93.9401
85.1802
98.6593
96.9352
86.8004
108.089
92.982
83.9777
86.1353
101.957
81.5379
108.999
95.5115
84.2633
96.4823
92.1878
93.7754
98.7017
109.485
88.9989
92.243
105.746
101.959
84.0016
96.3093
101.389
93.288
112.788
89.2119
100.71
81.305
87.746
94.3048
97.8818
89.4801
83.1875
94.7659
102.087
86.8307
101.55
101.578
109.722
86.6992
89.4225
103.122
91.1274
94.2988
102.787
96.4836
79.6041
97.0317
89.7792
107.731
97.5821
113.097
86.2679
100.009
92.2933
94.0674
100.842
97.6747
82.1401
97.1924
88.9477
98.7566
106.914
86.4581
92.7143
104.801
98.4132
103.303
100.883
94.24
91.5385
103.344
95.4157
111.302
87.4044
100.631
92.0934
91.3957
100.287
94.342
91.8821
79.0922
97.5255
88.1143
105.567
102.343
108.366
84.9253
105.429
94.2787
93.4209
101.839
90.417
76.2992
67.1751
102.711
106.292
83.8585
93.2848
107.475
81.6888
83.3918
98.2957
98.241
94.0662
105.216
97.1076
85.5022
84.7038
97.2979
92.3742
104.334
114.332
86.4909
94.0243
92.1976
106.736
97.2221
97.1582
84.9521
91.3641
85.7715
88.9997
90.9243
101.635
76.6201
97.0715
83.7271
89.1995
86.9322
111.586
110.263
85.5329
100.709
92.3381
94.667
85.5227
94.9562
96.5432
84.9308
93.3445
103.749
104.188
79.8674
109.312
100.745
92.3434
102.248
105.33
101.805
107.007
98.0239
77.7128
89.5227
104.664
87.9631
85.8514
68.5022
83.625
99.1331
99.378
102.998
109.664
102.081
87.6959
86.0944
101.339
102.215
94.4986
104.462
99.6843
90.9914
96.1745
91.8455
108.633
92.4082
90.523
101.471
92.3156
92.3005
100.177
81.6747
106.923
100.255
90.3125
86.0273
97.208
98.9015
93.4925
102.379
97.1414
91.4638
92.9347
82.497
120.683
104.104
98.5417
118.959
88.0368
87.1339
98.898
93.9546
90.2263
105.227
90.4927
91.2605
80.4374
116.588
95.527
96.6964
115.393
97.2279
85.6597
85.3739
92.7857
107.726
90.5214
92.6851
99.1682
99.5501
99.8897
82.8154
94.9462
100.612
85.5228
105.146
103.783
97.3709
84.2139
96.8206
107.037
91.0875
90.5584
89.5487
108.06
86.0021
91.7039
88.1424
86.3469
103.419
92.6265
105.676
89.8133
90.4557
82.2987
105.476
96.0791
79.135
75.4495
98.2194
94.8784
106.652
89.2752
85.0249
88.6575
110.255
88.8484
86.1718
99.2916
107.403
108.033
98.1239
84.5823
87.1113
101.206
87.733
98.1218
94.5278
109.825
91.2829
85.8277
93.0821
99.6078
72.3079
91.2892
103.342
92.1166
106.926
92.1927
89.953
119.368
92.3605
91.1086
89.7663
91.4725
94.4945
93.7136
109.001
106.478
94.8911
97.5368
106.433
94.0489
92.3543
120.504
82.5496
80.5127
103.355
95.3206
91.5672
95.1076
91.9968
81.5953
98.2647
114.52
115.577
107.935
91.2149
95.9057
89.2092
97.1924
81.3582
107.899
101.378
73.5931
101.606
96.1021
117.523
92.322
97.2951
96.091
93.3191
95.5608
92.8926
68.4208
82.2239
112.234
70.4744
85.8776
105.652
91.937
100.075
94.6486
90.5978
94.8907
95.3682
84.6702
90.7038
103.991
91.1268
91.4642
104.716
106.008
90.4361
93.0898
90.5565
110.432
81.1891
93.0464
87.0526
82.5986
103.91
104.334
102.839
101.919
106.609
94.9817
91.134
106.722
93.9874
84.3488
92.6377
127.765
86.6429
104.345
114.095
102.158
92.0008
94.1388
101.615
91.7666
99.4236
93.1698
97.3191
108.645
80.9594
96.9626
94.4074
78.3444
78.2592
92.4072
99.09
103.029
76.4144
92.8103
104.92
85.9469
100.365
124.862
104.625
93.1763
84.4592
94.2063
103.953
94.5128
89.915
101.478
72.5522
97.517
111.595
91.6347
109.031
98.3762
93.1503
88.4479
98.5861
99.2426
93.0424
92.0528
90.6649
100.054
94.7151
94.9271
94.6908
103.153
95.7005
92.8493
109.861
93.3997
94.8366
97.1695
89.7334
90.5366
112.04
103.213
97.0137
92.1864
92.915
89.551
99.9857
98.5369
119.978
85.193
96.462
107.699
104.95
84.4787
102.925
101.979
107.688
90.1436
88.2621
98.2039
85.3636
111.45
90.6093
87.8377
83.6352
110.685
101.275
95.6261
99.4308
94.4406
77.0224
88.4587
91.6559
104.431
94.7415
87.0703
91.1733
87.8998
86.2003
78.4089
93.6077
79.6315
85.7513
104.553
97.2769
104.875
98.974
100.334
87.1144
95.9098
107.41
97.9604
112.828
94.0407
104.766
81.3411
98.9319
103.58
91.4931
89.6229
107.893
101.246
87.764
88.0969
107.605
107.884
95.5167
96.4367
105.88
90.9129
84.2432
90.9107
80.329
96.7752
98.4732
88.8559
80.8348
86.7929
80.0565
86.6315
97.3593
90.427
84.0773
90.2231
82.5811
92.4318
94.7877
101.351
93.3258
111.625
96.9112
94.469
83.1412
93.3297
99.1489
86.9824
112.545
110.305
92.3125
100.215
92.9147
106.144
100.235
91.6106
90.43
93.671
110.333
92.4765
97.2558
96.1391
108.483
109.398
94.2218
94.3245
95.0606
88.6687
101.368
101.956
105.701
105.901
111.385
96.4978
92.8513
103.185
93.97
89.19
107.323
108.928
95.991
94.3742
93.8492
88.0045
93.9312
90.4151
111.248
82.5423
91.0081
90.5509
99.4313
84.9678
99.8183
97.7164
112.091
90.524
90.7099
98.7323
90.6216
97.7349
88.0802
107.558
91.2476
88.2351
95.133
90.0853
94.3601
90.7328
79.0331
113.687
105.583
84.8299
98.7087
111.652
100.074
88.1029
92.7319
102.724
91.4089
84.9585
95.681
97.5993
95.5786
97.3005
90.0817
93.037
91.8691
92.3637
105.775
90.5898
104.021
95.8549
87.308
105.748
99.7232
98.6153
82.1814
90.5628
80.6501
82.929
98.7077
92.0879
94.9429
87.4937
102.931
95.2016
97.3412
86.4578
98.4811
93.7979
94.7215
92.8828
100.004
90.278
84.4305
103.402
100.681
82.9242
94.306
108.888
98.1897
107.109
96.3039
96.2395
86.7035
85.2465
100.857
106.669
89.801
113.723
105.705
91.8534
94.8856
94.2783
104.382
90.8478
96.15
92.9216
89.9943
92.109
112.02
83.0242
97.9102
92.5268
112.194
90.4001
78.2605
93.6051
91.4381
100.866
83.6704
94.0288
79.9997
102.775
104.12
86.862
102.172
102.694
108.108
96.7227
96.121
101.842
87.9654
88.5535
104.412
97.2422
106.035
92.1377
97.603
98.12
82.2474
91.231
90.4972
102.149
96.3424
94.6044
100.983
98.1346
88.6388
90.4066
100.179
92.1799
102.175
73.0996
101.406
99.9844
84.676
95.2579
95.3953
79.1026
88.9617
89.7646
100.484
88.5141
100.622
88.5248
91.8786
90.9819
109.97
92.4196
107.858
92.3043
94.2529
87.7202
96.2595
94.7325
89.8304
94.1096
65.61
102.123
97.7999
103.663
89.7411
95.397
88.5671
116.494
78.5072
87.5816
96.942
102.035
102.155
107.893
92.7017
87.6103
106.483
98.0048
105.427
111.335
85.4869
93.1457
79.187
106.446
87.4849
100.075
93.5458
102.026
95.8692
99.802
109.477
95.5035
114.238
107.696
103.205
94.5532
93.6528
91.8787
107.839
97.2329
100.364
95.4181
98.8799
93.2412
87.8849
86.5547
94.5927
86.7981
86.0647
87.6713
103.168
87.0371
85.2606
108.556
99.5618
93.7102
102.286
95.8297
93.0319
97.5835
91.1453
85.2561
93.2439
92.8139
97.5002
105.611
108.222
85.0548
75.2657
107.905
97.3469
81.6421
102.272
74.4222
86.2915
95.8246
103.911
97.864
99.0893
101.067
97.3243
91.5755
91.4633
96.0016
94.1959
87.699
83.8032
95.5848
107.261
92.1025
93.0891
92.6717
96.496
84.2756
83.5959
90.0924
83.9238
91.6785
91.3875
85.2853
93.7833
89.8543
92.906
84.9354
98.7262
90.6905
92.6934
82.3537
90.1857
101.265
91.5936
115.844
83.295
99.6432
85.121
94.8005
93.8693
90.2834
117.538
104.038
88.1944
98.0628
98.569
103.72
98.3214
103.333
90.2699
101.795
95.709
94.2916
102.064
99.1653
102.072
102.22
99.6
101.021
97.497
91.6764
96.2504
86.5033
94.3144
83.4134
88.8423
102.753
101.531
93.5423
86.0855
87.6204
97.8158
98.0869
89.353
99.4178
89.7333
96.1576
96.9873
90.0484
93.6011
83.8023
79.0605
102.844
82.3208
78.7132
92.0734
93.4197
90.9436
93.739
95.1461
95.9453
95.5532
117.941
88.5401
95.1972
105.423
110.42
100.773
102.578
90.2745
108.983
84.073
95.4264
109.608
107.161
89.756
92.5084
99.0677
93.7974
96.9174
116.94
73.0122
96.6341
98.158
101.124
94.5708
120.794
86.9286
82.5721
77.5343
110.635
96.1863
94.7538
93.8907
96.2087
98.7963
95.8792
93.2537
101.954
107.488
89.2255
80.1437
104.472
86.5309
100.732
96.5362
105.574
111.991
92.5621
109.88
101.831
100.899
103.272
100.56
96.3453
100.671
91.0182
91.7634
95.3422
112.094
87.9052
103.825
87.2395
99.7626
90.0775
99.1716
95.0782
106.635
101.654
100.731
103.022
86.6123
96.9021
84.5211
119.669
99.5828
98.3761
91.602
106.492
86.4665
94.6067
100.921
107.49
88.6147
92.1631
103.206
96.0825
98.985
90.2046
78.4614
97.8602
92.7003
91.4626
95.0952
91.0266
92.0515
99.747
88.0829
100.43
95.7679
102.085
97.2255
93.0382
84.2935
84.049
91.2777
98.0205
105.736
91.3075
96.2389
109.223
101.897
87.2549
102.16
87.014
91.1834
101.951
94.2479
90.042
94.3583
101.257
82.2188
101.554
97.9914
98.7725
92.1428
81.3837
86.8656
92.3774
85.735
113.641
102.889
93.5822
96.3228
105.387
109.45
99.1235
94.0828
89.673
86.5477
104.775
103.953
85.8526
89.3002
95.2978
96.6372
96.095
74.5169
103.146
98.5937
101.449
98.8042
88.7861
90.6437
90.5914
100.344
94.4576
91.1491
96.7856
104.95
82.3672
96.6519
79.6971
116.081
100.222
99.9449
94.7972
93.072
95.6609
86.9134
97.0024
91.7837
95.3873
94.2581
95.268
88.3201
86.7484
101.91
101.775
86.3625
104.608
108.243
87.4385
88.8808
90.8271
76.8125
99.4312
91.6186
92.3898
99.3715
92.6146
82.8221
100.155
102.838
104.338
112.402
100.349
95.8557
114.65
93.8941
106.871
92.6054
82.2183
90.8178
106.325
89.5421
89.929
97.8069
100.6
104.734
88.1665
102.777
110.568
94.2603
100.806
91.1807
90.4728
84.3773
93.8292
99.443
114.274
111.98
103.407
102.796
95.9642
99.8924
107.781
88.4759
89.6552
90.2566
85.4789
94.2578
87.4701
91.605
86.2051
98.4
109.746
85.1828
90.9086
88.3971
95.678
93.132
100.605
85.8978
109.552
98.2682
86.5835
101.501
97.1789
96.5306
87.5643
81.863
92.0018
87.7289
98.8966
107.737
93.3407
102.498
103.356
98.6658
92.4482
95.9143
79.3015
91.641
99.2258
100.098
90.5071
86.3956
88.9902
98.7046
99.4019
88.3112
110.92
83.8789
104.075
94.0198
98.5117
93.3225
96.8448
98.9105
93.1787
92.1086
97.7791
100.744
108.539
93.268
103.8
104.518
93.0231
86.8213
107.217
90.6062
100.974
107.643
86.1738
109.156
101.31
108.305
93.629
106.328
101.536
105.907
92.2649
106.083
97.9028
99.4225
95.2304
88.031
88.056
99.1342
95.416
83.6171
99.0286
89.7354
108.232
86.9886
83.7373
87.6245
109.707
96.0567
100.466
86.684
110.714
95.3784
91.4004
87.4621
81.1928
102.689
94.8241
95.299
103.772
95.9782
114.241
93.7105
78.3976
107.081
88.8653
112.012
97.2813
100.147
97.0102
82.6351
88.6066
116.882
98.8613
91.5433
99.112
69.6668
93.7339
87.7909
102.954
98.2082
87.5707
97.3998
71.274
105.912
93.6221
103.065
101.598
106.83
104.133
104.561
90.0907
96.6784
105.404
73.1822
110.904
88.67
95.1531
102.75
103.772
108.61
89.0827
92.1496
84.3017
95.8347
92.748
100.786
92.9086
88.0243
96.5452
92.6825
105.348
92.7877
89.0603
91.9297
90.5503
79.3454
118.61
103.33
95.5733
94.195
99.3575
110.362
96.733
106.122
103.249
104.24
93.649
103.603
95.5501
80.2475
108.014
86.5953
93.8371
85.9091
94.5442
89.727
92.4045
91.5832
91.1247
96.3028
82.3527
99.2876
98.8053
96.6527
89.5833
99.9258
82.3892
91.1634
96.264
86.5334
105.428
88.4602
79.9523
95.9103
100.079
106.749
99.6019
93.9884
90.0503
94.0505
96.4131
98.92
78.5665
104.62
101.359
105.654
115.278
116.891
93.4226
87.2193
93.5921
90.9997
94.9322
85.5715
86.9806
101.383
101.188
94.4658
102.116
106.559
120.611
98.2659
99.3707
99.615
110.252
108.525
110.304
104.831
97.4193
88.4989
88.5149
93.133
87.9902
94.4495
104.66
100.888
85.4089
95.1336
95.0733
93.4364
92.0747
71.7859
100.568
107.006
88.0969
94.827
86.4012
97.8338
95.4333
86.2848
99.4676
117.891
83.8003
90.106
85.9924
88.9448
88.2513
83.712
97.8587
100.838
101.141
114.867
86.0652
90.1224
88.9302
81.88
98.3156
107.827
89.3231
99.6886
94.5255
88.7662
105.604
85.8909
100.914
105.908
106.428
87.8312
90.2806
91.6062
98.6632
101.48
94.4528
95.6385
108.781
88.5802
99.4881
115.205
102.961
105.727
76.7735
90.5178
95.1514
95.7376
80.4427
112.776
90.7796
98.9181
92.6183
80.563
89.0679
94.6413
90.338
103.315
94.9612
94.0464
83.8817
97.0253
93.8257
112.887
103.497
95.8052
89.8585
93.1673
88.8567
92.7899
92.6369
97.1385
101.568
101.479
116.148
106.8
96.6544
90.7863
98.8759
91.7329
104.418
92.0159
111.593
96.5235
98.4658
92.7956
92.517
95.2634
102.603
69.3139
121.274
113.794
97.6686
93.028
101.026
96.6465
85.1045
96.0873
99.2509
102.205
89.5267
106.569
88.8544
107.355
101.494
87.767
89.9735
85.6116
114.177
89.2231
109.963
95.8133
104.133
102.026
85.194
89.2382
112.027
90.7807
101.232
87.0296
102.056
92.1595
93.7988
88.0464
83.7056
100.948
81.3369
95.4147
106.415
95.05
86.6149
104.41
90.9572
105.204
82.1101
87.6058
95.5136
96.4264
92.1777
90.6632
110.593
101.36
102.329
99.369
94.1798
92.8478
107.501
101.562
94.5353
97.4986
110.707
96.5951
97.1189
104.951
94.7538
99.1436
88.5392
87.4951
111.961
89.9661
86.8387
100.498
100.951
85.9766
97.6673
96.7552
76.5933
104.173
91.9233
80.0443
109.632
92.9894
106.03
97.961
103.5
99.8099
98.7709
117.799
106.059
73.6342
88.7745
98.4128
107.707
102.847
96.3618
87.5177
113.87
96.6252
106.386
99.6116
94.2544
93.6536
98.5638
89.671
105.179
106.72
108.716
94.8105
89.497
108.045
102.838
103.538
104.092
94.6584
89.7757
103.878
104.308
93.4689
93.4243
100.867
91.9016
96.593
85.5516
104.034
102.579
99.5
98.4086
101.293
109.192
99.2794
72.3888
85.3742
90.1196
107.582
111.583
108.095
108.491
101.512
113.701
93.1702
103.052
103.695
80.8484
103.358
105.068
114.636
102.986
93.05
101.089
106.993
111.676
97.3891
89.0734
90.1157
98.082
95.6777
106.616
95.4051
105.334
100.128
94.7237
87.5535
94.1141
97.8454
81.3783
96.0078
106.73
93.5031
87.5612
103.357
118.866
102.225
97.5713
89.1219
98.4232
98.3221
90.4364
97.7081
88.5891
90.7837
82.218
100.681
91.2291
97.6645
86.3612
81.3165
89.3357
100.281
100.001
83.2702
101.519
91.8065
89.4565
92.3158
94.7178
93.0468
87.5799
80.2358
89.6916
84.6452
92.6313
102.571
93.1139
105.961
103.672
88.8969
107.262
92.7307
107.924
95.3442
93.1421
86.0265
97.2297
106.844
107.002
102.877
92.2838
87.5583
101.2
86.4155
101.218
96.7744
116.265
108.55
98.7536
91.6457
101.012
91.03
112.489
78.5767
94.5318
104.258
90.1564
95.3016
95.9403
96.5938
81.4155
99.8087
112.39
90.3144
97.1163
89.9847
112.854
73.1003
98.3724
87.7492
112.268
90.6984
112.436
91.9334
108.59
84.6976
97.6391
95.2779
89.99
105.059
108.638
98.2549
112.011
93.3854
100.285
104.581
88.0331
84.8977
90.8858
104.593
99.1089
108.499
80.2139
97.1978
82.5192
77.5216
95.1778
90.1828
98.5797
97.4396
90.6291
105.914
101.76
113.877
102.23
100.212
81.6869
101.779
88.3757
101.002
95.296
93.4344
83.3765
111.274
94.6481
110.214
97.1196
94.9308
102.98
99.6746
92.5858
81.1785
96.645
87.1845
103.062
82.9896
108.03
91.4426
92.1842
88.3083
89.1215
86.4351
97.9894
98.6604
114.486
97.7433
84.1507
97.9778
93.7145
108.981
89.2355
87.2845
91.5458
97.4032
92.4462
98.1856
93.3627
90.5158
90.103
98.2889
110.333
83.3163
99.2788
99.7831
89.0119
95.5494
96.3425
97.71
92.7261
95.0608
78.8992
106.962
106.21
87.3577
104.449
80.978
102.247
84.2189
93.5986
89.886
101.123
105.328
108.852
93.0363
87.7327
105.697
102.135
93.4016
106.402
93.0866
100.914
105.954
109.102
99.6911
104.029
90.2375
81.3066
91.1669
102.828
108.191
102.484
84.2284
97.6776
92.5347
91.794
86.2517
91.0126
111.751
83.1846
92.4545
76.364
93.3267
97.7496
105.838
93.0518
108.669
103.556
103.176
104.331
88.0819
97.5294
117.381
91.2082
117.158
81.5161
74.636
84.7022
93.1916
86.782
84.3338
93.7739
86.5236
90.3446
95.8806
98.0039
90.7542
94.9244
86.4204
99.4808
97.1751
90.3325
89.976
95.552
102.671
83.23
100.765
86.5745
86.0834
104.169
107.991
98.3137
103.71
94.1485
90.6405
106.789
97.7152
118.052
75.1939
103.33
98.198
101.854
119.788
84.8753
86.5455
91.3857
98.9934
95.8843
91.0907
93.8947
102.629
92.5621
80.6635
91.2306
96.236
108.029
93.8433
106.18
91.9696
89.9662
105.077
96.9356
104.447
89.0744
93.9607
99.818
79.3263
92.3929
100.288
98.0953
88.3589
96.3491
84.6507
100.417
88.9685
85.9105
102.471
106.118
115.982
92.244
92.8339
90.2766
96.6972
87.7901
108.808
98.3388
86.044
90.0497
99.1241
98.7747
92.6625
101.118
69.5327
80.2254
125.508
89.2587
103.512
83.3548
106.686
82.2502
89.2294
94.6314
100.334
98.5362
90.1623
108.285
112.504
101.604
93.3332
103.173
104.362
95.2541
99.8696
90.5245
84.1746
108.385
83.439
95.6862
98.7807
106.613
75.6903
91.426
91.3628
92.2662
96.0641
107.158
84.8686
103.098
86.3782
101.591
111.407
99.2736
91.1665
86.4626
90.0626
104.701
106.078
92.0687
94.9793
108.013
91.9624
95.1633
76.0156
87.2995
88.7255
88.0434
109.394
98.8812
90.3184
100.51
109.334
104.347
88.049
85.1047
76.607
87.9538
99.5793
88.7658
99.2136
87.9342
96.4612
97.2935
93.5276
103.135
91.977
87.8129
101.09
89.1817
92.2152
93.0522
93.3275
99.4236
94.7276
90.8812
81.2248
105.35
91.3994
98.0805
118.101
100.557
94.3728
90.5619
93.4268
111.61
108.589
102.589
70.7602
78.5708
85.3886
83.3422
98.264
101.558
106.263
89.9054
94.4488
90.2762
81.8501
81.1611
110.349
96.9584
99.0453
88.6913
80.8926
97.6872
107.972
97.9895
93.1224
104.539
88.4168
93.2666
81.4994
76.1956
103.339
94.1079
74.0667
85.5465
87.0917
100.211
96.2055
86.5773
94.4012
85.1825
101.092
106.453
94.9098
102.411
112.608
81.5939
93.6924
97.7115
105.36
90.7573
87.6295
83.362
96.6168
90.7005
106.406
98.2707
97.3913
105.184
88.6557
98.9878
91.3629
107.797
105.036
103.463
97.9171
91.5459
93.3967
106.339
94.566
81.3577
92.442
86.5427
101.72
96.0519
104.222
96.6114
94.3804
93.3177
98.4535
92.8326
105.159
106.776
86.9499
91.5015
99.4474
112.28
95.4263
86.9998
86.0007
103.99
101.954
85.0014
84.8943
92.5768
104.272
77.4448
85.8334
88.4238
80.7875
114.597
90.0995
104.578
93.1971
91.5259
88.0975
96.4874
93.6576
94.3564
89.6513
100.003
104.85
86.6396
94.9945
89.5562
82.0177
101.625
85.7568
102.681
100.243
98.5984
79.02
97.148
100.833
81.691
96.6994
83.5008
83.1974
86.0667
114.638
94.6164
86.5182
90.2816
101.874
100.094
81.1163
100.567
100.967
96.0411
85.5784
87.8694
81.3229
92.3674
85.6355
107.873
98.7227
120.713
106.246
111.399
94.6138
98.845
98.4334
101.214
99.7854
98.9832
91.9779
92.7139
83.4906
92.4849
85.2625
91.9993
83.1523
84.4375
94.5549
98.1115
95.4235
95.5599
80.1022
96.5455
89.6105
97.9693
90.5913
94.5514
91.2617
109.9
101.657
87.4322
91.8613
89.2332
85.4595
97.7047
98.4569
100.311
97.0576
95.2476
77.0005
75.5261
101.603
111.925
89.7961
94.3265
93.2857
86.3809
86.256
107.664
89.0189
100.429
94.6109
87.9378
98.9917
91.4124
98.0681
101.064
99.6243
92.9843
108.95
97.6329
91.4342
95.9424
85.6523
115.053
95.7301
97.7093
95.0967
84.7913
94.799
117.839
92.6613
95.4575
101.901
90.2334
110.671
91.2955
115.107
99.4473
90.3552
104.226
84.1739
98.7977
93.3589
97.2457
108.596
88.4304
104.148
95.4451
101.764
85.8471
102.553
88.904
93.961
107.812
100.197
96.0999
94.0966
104.378
97.2638
106.665
107.41
88.3813
97.1967
81.9848
90.0396
81.8697
103.183
102.324
109.471
90.5011
87.7114
98.0159
96.6933
90.2512
103.512
88.3561
94.2604
96.0092
79.1726
107.131
101.923
93.11
86.8476
86.4135
96.8241
81.4269
98.2661
89.3652
87.6241
88.8256
127.891
90.5755
86.5636
106.033
88.1059
103.922
93.1419
86.4086
87.6282
79.0594
91.2589
88.0706
108.009
90.4084
125.745
96.5725
83.1926
108.422
111.234
94.4324
82.2594
85.6298
97.0862
74.1457
99.3771
83.6849
114.103
100.618
120.582
99.5909
94.0704
95.2234
112.039
78.8363
95.0642
107.053
121.201
98.1097
103.653
91.4075
105.281
94.5102
108.815
99.8425
86.3878
84.4063
116.042
91.5738
84.7123
94.6933
92.2565
106.698
91.9548
87.744
95.6836
92.9041
87.9833
78.9058
90.2808
110.511
97.2288
97.9349
102.8
92.6844
82.0421
98.3063
86.3477
110.181
102.229
87.2349
88.6847
88.982
98.4608
108.451
112.687
98.4301
90.8732
90.1489
90.4966
106.724
99.6732
79.4167
88.8132
101.881
85.452
87.1701
95.9359
81.3639
96.8085
107.866
83.1089
107.013
76.7914
95.2
83.5495
97.7315
101.687
92.71
95.1947
91.9199
83.8568
86.5256
96.825
92.9578
96.9701
94.4562
92.5961
100.203
90.9951
96.7767
107.925
88.3982
93.8026
104.385
95.5857
101.837
92.687
98.8286
89.0145
108.847
97.9285
94.2591
102.212
98.4941
106.59
88.3904
96.8829
101.838
101.201
94.4098
101.112
103.741
108.118
83.2903
73.6717
96.1205
104.011
91.2483
108.924
88.4917
113.431
96.3136
91.535
95.9924
95.0558
86.1582
89.016
98.1683
103.911
96.2986
114.022
93.4653
109.312
93.384
101.57
87.356
78.9681
95.1214
92.4703
88.6768
84.1559
85.8494
93.949
82.3024
103.281
97.5385
94.5231
107.882
90.1379
77.0838
98.1614
82.543
95.17
85.0075
88.7919
86.7074
84.4036
102.519
85.8699
95.8861
118.849
94.2433
98.1676
107.869
105.267
84.7336
100.989
72.2668
91.1323
93.8548
89.653
103.655
97.4092
89.1507
107.589
85.4696
102.711
98.908
96.0917
105.227
96.7208
101.317
98.3989
99.4648
102.082
110.421
89.2624
87.475
99.4989
93.3822
91.3841
98.5756
110.01
90.8969
81.1974
79.7289
80.5149
81.9909
95.1177
98.6526
79.6995
83.4105
96.047
99.0085
86.7353
90.9158
108.952
95.3771
104.994
105.515
93.6593
98.122
80.8688
89.8597
89.4469
113.7
94.7217
87.042
109.559
102.716
84.5018
90.8615
101.477
101.51
85.1683
99.1897
86.1723
90.3126
95.4727
106.326
100.698
101.821
92.2289
91.6808
107.681
109.493
94.9218
104.433
96.1012
97.182
103.963
100.693
94.199
85.0992
106.591
100.889
98.1502
89.6331
74.4525
89.2357
93.6103
91.5017
100.037
101.099
90.1334
93.5058
96.2677
106.469
91.7664
92.396
97.1455
84.7248
96.7061
93.5116
90.5518
85.5468
86.6567
92.2588
103.893
91.789
98.9565
111.812
97.2523
88.3947
99.3646
98.1699
80.2201
112.917
112.737
92.5751
93.7792
105.354
92.434
94.1274
102.402
103.991
86.3757
85.0521
88.5414
93.7196
94.4437
118.331
97.99
98.0497
96.3102
80.1965
84.0459
99.0549
100.581
99.7902
96.8297
90.5042
109.738
91.0986
76.8944
96.0375
104.38
109.799
96.8082
87.6824
109.523
86.9986
86.451
100.68
99.0249
87.7102
77.0991
88.5615
101.393
78.9468
111.506
101.065
95.4564
90.9359
110.936
113.799
94.0389
93.324
108.047
106.734
97.3629
98.3085
91.0185
93.6643
105.896
84.3214
115.832
104.33
83.7361
83.7214
100.391
103.37
83.7114
86.695
94.1743
91.7099
93.8697
113.653
99.4442
110.502
96.3609
83.3545
80.6857
104.22
91.8452
90.0851
94.9262
102.431
103.132
98.465
93.4412
91.2451
91.7145
90.4406
99.1669
77.2974
90.0987
83.7709
107.436
102.986
111.289
104.04
98.0545
98.6471
89.4068
95.1699
96.5733
80.7307
90.9026
107.631
95.7032
104.777
94.9753
91.9441
87.6316
92.5406
97.5487
90.6486
107.437
96.0645
112.37
109.251
98.864
101.647
96.6034
82.907
96.5365
95.9275
105.43
106.125
97.0591
79.42
93.6203
86.1268
106.74
88.1086
97.1588
103.149
84.36
112.052
98.5537
111.958
109.348
87.0459
99.5407
91.877
79.555
105.618
104.747
105.004
96.2481
88.6414
106.956
98.6731
104.796
86.1328
95.619
104.985
92.8613
106.187
90.4674
91.0928
112.546
109.719
101.434
90.5876
93.9704
80.0115
77.4463
106.677
100.527
113.801
88.9647
80.9914
103.294
113.27
104.21
98.5011
90.368
83.3311
86.2687
108.572
100.21
77.8273
93.2694
88.7818
92.8587
95.5596
99.7404
102.325
87.7888
112.239
102.354
98.8444
96.4317
96.848
128.353
78.6898
93.0306
99.2974
92.8386
98.8009
96.4331
77.7897
97.6659
100.398
97.1753
92.4785
98.2897
102.052
92.6132
84.5438
106.62
92.2203
108.735
94.871
100.739
91.3781
79.1758
89.7445
94.3206
106.154
105.343
90.584
83.7907
90.3221
80.5899
78.844
94.6715
95.7426
99.4827
92.5151
89.9113
97.5937
110.119
97.3771
111.85
89.8556
103.087
96.5412
107.812
118.107
108.904
96.9183
99.3922
81.212
95.3333
80.3345
88.0125
90.5832
100.987
102.984
97.4295
81.921
101.948
81.6727
77.6852
91.8353
87.489
93.2553
89.565
95.421
87.3398
83.9153
105.435
110.045
98.1378
90.9101
88.3159
103.947
97.3126
115.076
115.887
94.0439
102.673
96.6466
102.83
102.9
98.5235
99.0941
99.41
89.5698
97.4148
86.7384
95.5165
77.0221
104.787
103.335
90.8696
106.087
82.4111
101.485
101.362
103.234
102.182
110.444
78.1864
87.7592
82.7667
85.9729
102.97
106.306
100.527
96.224
87.5793
83.5059
102.715
99.3135
71.5435
95.0541
87.2801
121.412
93.617
105.396
121.078
109.145
94.1442
101.26
86.446
110.156
96.3796
110.52
93.3131
85.1731
104.064
94.1934
106.002
94.9844
102.835
93.7845
106.722
94.3347
83.1363
92.1813
106.096
99.7264
88.7976
89.4379
97.5551
93.5015
95.8325
96.2088
86.7134
92.3453
97.5984
89.6334
92.3891
79.1078
90.2376
90.4981
97.4016
96.1541
102.867
93.6996
105.48
110.139
96.5959
86.8157
90.0841
99.8321
88.7029
97.8962
90.9369
96.6067
100.972
96.8776
98.1582
99.2571
102.768
90.4178
93.7094
108.195
103.388
79.4
76.9734
94.3272
101.803
90.1569
99.1838
100.189
87.3497
97.319
111.106
114.224
87.7269
102.47
105.191
90.1031
98.5891
87.6968
96.0336
85.1139
92.9926
93.67
86.2394
118.48
98.0981
95.0328
97.7786
91.1595
93.5767
95.489
87.5341
103.162
100.063
89.8518
106.875
81.8778
84.1383
104.057
81.6547
93.2364
97.4621
97.0923
88.4074
76.8649
99.3153
96.8776
89.7806
73.4508
97.8996
101.027
97.7033
91.6691
106.116
98.5054
107.598
86.6734
107.529
106.462
96.2788
91.7088
91.9085
110.086
107.633
86.9951
88.4728
107.742
91.097
82.5715
87.6793
101.339
88.442
91.9879
90.3949
88.3342
97.0463
90.1483
106.409
97.0315
100.326
89.0602
100.843
98.7644
92.9682
87.4542
108.784
95.5679
104.131
88.2971
103.325
91.6658
84.5817
79.1896
81.366
101.248
94.3676
105.064
86.2299
90.7016
92.0812
94.5545
99.8974
101.94
89.0845
87.5968
92.0591
93.0273
91.6815
96.4442
109.909
97.3891
105.377
97.663
94.0789
108.947
87.0516
84.7529
94.9805
92.3516
109.604
93.5258
95.3332
103.918
98.9466
105.039
106.587
97.9086
91.0715
95.4162
92.3729
91.0003
91.2469
86.4196
96.7805
88.774
98.9809
91.7447
86.6216
97.0619
87.8288
86.0221
98.5278
75.2488
94.3292
100.931
108.47
95.366
91.9172
101.551
91.8069
106.155
88.4515
99.2084
106.47
96.053
91.553
94.7297
86.8906
85.258
104.107
78.2968
94.6974
85.7925
87.4196
90.6923
89.0605
83.5555
95.7925
99.1611
110.157
87.3565
100.369
99.5605
91.5748
85.9791
102.065
89.0425
77.0881
90.7456
85.7806
97.5587
102.426
91.2103
101.978
92.4701
97.5332
81.8338
101.735
95.8936
88.4265
94.2435
83.701
76.4476
110.073
115.049
97.7559
100.539
94.9934
93.3963
98.4571
95.2764
93.9167
102.546
104.052
103.825
85.738
91.226
99.2345
93.289
91.8849
84.6097
88.7395
95.8775
103.077
100.785
117.437
82.2059
99.9314
110.455
101.375
90.2447
85.4413
90.9415
101.427
96.9274
83.2626
92.1315
94.0406
85.9616
81.7897
83.4205
104.781
81.0901
97.7639
93.0152
103.495
100.663
94.6129
119.887
92.0508
75.8046
89.1644
92.317
82.9476
97.7895
90.5491
101.38
100.517
88.8043
94.2146
80.1003
112.031
79.6066
91.3307
97.5031
88.6344
95.7598
93.2799
101.27
86.3076
110.069
100.11
105.515
96.9111
93.6361
99.5522
96.3316
101.586
109.213
85.6624
93.0837
91.5189
93.3176
98.6415
102.874
85.6612
88.3702
87.7004
89.1827
94.0635
104.126
98.716
87.6965
104.35
100.92
96.7886
89.0557
95.1914
90.8528
86.4165
93.0675
88.4374
95.3836
101.065
95.9099
86.6995
93.1775
93.8263
105.21
86.247
96.5059
111.684
88.3281
89.5376
88.995
88.4085
96.6739
105.541
110.897
119.301
94.6497
86.2118
81.6815
107.649
93.8576
106.045
82.7871
90.6499
94.3914
81.825
105.266
96.3024
99.32
92.934
78.9207
84.8461
91.8165
97.2077
103.222
100.248
98.2155
104.789
107.525
99.8475
91.5836
88.1158
106.891
80.3459
115.649
97.728
98.4352
95.6456
82.0365
103.254
97.746
100.798
111.84
100.564
101.392
100.284
104.236
87.3761
92.2178
108.294
95.0251
99.4437
94.4061
98.0455
86.466
105.242
78.81
95.8421
89.2317
100.11
92.5007
104.849
86.2795
86.383
94.2386
92.4306
99.8834
99.356
82.9113
95.5122
84.0633
100.837
93.762
88.4119
100.593
89.1705
94.6539
88.2075
85.1875
94.1424
83.7907
105.274
92.4909
95.4665
84.4667
84.3696
89.4091
98.8524
101.49
85.619
88.1628
78.5288
107.561
88.5191
98.4895
94.1337
99.7075
113.479
92.9159
100.415
90.7397
95.1252
96.7732
99.331
99.3637
110.114
83.5773
101.604
111.436
114.772
86.7232
82.8746
82.8425
79.6688
102.082
82.9148
98.1435
87.472
99.0877
93.1875
119.812
88.5468
89.3622
96.2284
114.136
73.5664
99.9414
109.728
87.5128
86.3289
92.2216
99.5277
80.6226
81.6337
93.8644
98.5229
90.9584
105.536
103.601
100.338
87.4573
92.1005
99.2141
92.5253
96.2297
104.959
113.394
99.2807
98.3999
96.8013
90.2725
102.958
93.003
88.2762
99.8031
91.4841
99.1207
108.589
95.769
102.202
91.18
104.444
98.5371
93.4581
77.5777
87.0268
98.2799
97.5078
82.4171
102.771
110.664
98.1076
94.088
110.698
85.6802
92.71
99.5128
82.8812
93.2874
95.7264
99.4361
102.062
90.261
105.637
90.3848
88.1567
96.5204
99.127
95.363
92.1581
90.1658
86.4077
72.2531
103.803
93.1583
88.3131
97.174
99.7441
105.038
94.9702
102.166
91.0988
108.967
82.6817
104.826
103.766
98.183
91.0271
88.0895
98.0605
95.0325
91.6511
90.2597
113.718
92.4705
93.3177
117.89
99.4338
108.658
106.416
88.1133
85.1609
93.367
90.4604
92.0111
97.1417
77.7698
94.2173
86.972
90.9917
90.8035
118.086
112.366
94.9752
105.131
92.6303
87.3564
108.297
86.13
85.0365
105.175
93.4588
108.257
103.072
111.865
92.7022
96.2127
108.311
98.9281
93.5878
89.4243
95.8609
83.26
81.7928
105.849
89.7173
87.6597
80.7398
110.047
85.0058
91.9098
111.189
100.295
104.712
101.676
97.4072
97.6158
105.314
80.5816
91.7318
80.8505
97.53
89.008
112.01
95.1974
97.0603
82.246
100.365
86.3605
96.6723
97.8099
92.6003
79.1271
106.029
103.142
89.2224
113.858
95.0882
95.0881
105.359
101.08
90.8922
99.6435
89.7263
97.0578
103.255
99.1425
88.905
107.579
99.5613
93.3273
96.4967
84.7781
101.926
107.004
90.8131
85.0174
94.3374
93.793
91.3579
105.392
104.381
77.2674
108.332
102.977
90.2125
84.4113
90.2169
91.9417
100.31
109.665
90.871
97.0492
102.165
93.4862
98.8265
92.2204
90.8963
96.799
102.194
93.0802
94.7289
100.968
94.338
107.785
88.4516
101.103
100.186
109.398
91.2499
101.85
110.58
83.6162
82.9525
82.4613
113.533
103.382
102.365
97.0725
85.707
91.7801
108.644
84.0974
102.822
89.1908
102.347
79.1958
93.1368
98.3732
104.785
92.6519
85.7325
94.2313
92.0341
85.1754
107.908
100.496
113.146
86.5924
105.02
102.21
113.056
97.6051
93.4836
95.5786
87.5694
95.6938
87.1335
81.38
100.652
78.8073
96.1288
97.5134
101.183
88.262
80.5402
72.3713
95.8235
87.4131
97.1528
83.0698
100.106
97.1268
95.2999
103.608
101.991
100.171
102.518
85.5049
74.7982
96.972
88.3991
89.0706
90.1847
90.0194
129.446
102.718
95.8669
101.873
103.496
89.8766
97.0038
101.818
116.068
98.8542
110.501
97.3602
91.3016
97.3087
89.1323
102.996
91.6782
86.8052
102.707
90.3552
95.5682
81.7239
85.4342
100.699
89.4377
90.0505
86.4301
87.3387
112.582
112.107
104.965
99.9259
91.203
101.135
100.711
97.2008
109.513
104.051
87.8966
100.029
107.163
90.5213
101.183
103.127
104.698
95.2949
95.489
100.826
99.5441
86.8547
88.7353
92.3086
82.8641
98.0266
99.1333
100.718
98.0171
76.0408
87.3284
107.618
99.7949
93.7748
91.7485
92.9635
96.6153
87.3853
96.5548
89.7933
120.919
95.6671
81.9034
96.4169
86.8658
84.8783
96.883
110.825
88.5081
90.8527
104.419
106.992
104.251
91.0757
95.1839
87.1304
105.199
117.729
86.9893
87.07
102.223
105.109
110.065
100.735
83.1329
113.912
94.1034
103.321
103.268
94.627
104.855
105.324
86.6573
96.8217
96.5991
103.649
89.3801
101.166
86.9011
99.977
107.575
99.6205
90.5525
95.5537
88.481
96.6303
85.7923
84.6254
78.674
106.994
91.3863
95.7135
86.1812
97.6333
88.347
87.4722
98.1206
89.609
95.4922
92.8467
84.5252
111.594
94.0542
85.3833
94.3075
93.8332
96.9957
102.675
84.8873
108.589
98.7293
98.0951
95.4569
99.1134
85.0633
92.6882
91.6938
91.7609
109.965
84.0439
91.0934
104.927
98.0225
105.768
88.5459
99.7217
84.5549
84.255
109.093
103.916
81.3412
101.46
96.7274
96.379
85.0628
102.48
109.423
83.4185
102.149
106.336
96.9787
77.7532
96.1915
106.358
99.3279
90.4693
85.5774
89.8383
91.5661
95.0549
95.0122
89.4744
113.019
95.0132
96.7846
128.009
100.803
91.8052
99.5543
93.6244
88.3964
98.0249
98.5053
102.105
104.425
112.478
94.2273
95.8225
104.506
102.815
105.524
85.5696
84.8001
103.919
93.3327
91.3827
97.2544
105.958
93.8
79.201
92.9773
86.3134
94.4894
103.773
115.126
116.573
103.047
97.739
82.1965
102.278
79.7786
108.007
114.287
78.9179
100.779
85.2061
89.8922
100.172
97.5649
94.4063
102.088
77.0291
92.6621
102.954
92.4247
97.2154
105.958
86.2123
89.9804
92.5778
91.4781
101.501
86.8727
106.057
98.8839
97.3561
97.9741
92.0373
90.3929
91.3604
106.348
106.078
94.1392
99.4948
92.0637
99.9388
91.1727
92.2292
99.707
100.64
103.622
106.3
93.0189
98.2864
104.316
86.1291
110.852
87.634
99.2474
101.416
102.489
89.1304
85.3504
85.4218
112.207
88.4225
114.592
93.6911
84.2024
98.7934
113.495
86.6599
85.1101
108.031
106.071
93.2748
92.8721
107.494
93.58
88.2331
100.916
102.012
88.2915
77.8981
103.045
99.6995
85.929
108.038
97.2445
103.167
92.7312
87.7227
77.7873
93.8389
102.577
99.1195
101.347
110.369
96.518
91.6054
111.066
105.909
88.7062
101.631
105.206
100.385
93.0768
91.0956
95.469
112.946
88.4769
109.575
83.9521
75.7221
95.3997
88.1942
92.3494
106.345
103.213
99.0746
101.27
102.808
84.0223
93.5418
96.7712
86.6689
99.1998
109.608
84.2908
110.096
108.657
92.5051
101.428
88.4201
99.5524
111.967
93.6052
92.0858
92.5495
98.8692
89.7343
102.269
101.803
86.4068
91.6553
99.9615
88.5461
90.9315
96.4862
94.2525
92.8362
79.7746
85.7541
92.469
97.5731
98.9956
95.7442
107.915
90.823
74.5285
110.465
112.503
78.1506
96.0332
83.0898
91.6335
100.296
89.5678
103.455
101.906
94.5205
85.915
103.103
100.182
102.642
100.553
87.0058
83.4033
100.698
86.2043
104.203
94.0626
86.8383
99.0933
107.404
93.8802
103.158
87.9697
109.585
86.5334
99.2988
92.8437
88.3613
97.3958
88.9198
93.7471
97.0434
106.83
82.585
108.696
92.0154
106.256
97.5436
89.9561
88.4291
97.5201
93.4588
112.453
88.3782
88.2202
101.603
88.4323
92.0731
81.5259
96.6498
109.323
93.457
107.097
94.2744
91.3761
115.05
87.0263
96.0206
92.6854
100.102
91.5025
107.908
115.035
92.6487
85.3493
97.6581
99.2702
92.9033
100.525
106.018
88.3308
80.2194
108.853
93.065
95.6996
88.0578
92.8919
83.1924
96.4149
91.6553
98.5414
94.351
96.8367
74.3681
106.437
104.789
120.408
74.0207
87.0682
103.247
110.879
112.445
100.608
92.4748
82.4304
104.55
91.3982
128.485
92.3053
104.773
88.4002
97.5688
103.295
89.9471
89.3992
80.5945
104.796
83.6298
101.349
92.6461
103.188
96.4796
94.0395
75.757
87.5344
96.1804
102.052
98.1736
105.591
90.2635
96.803
95.1072
106.014
92.6886
83.4024
100.243
125.957
107.763
96.9322
111.762
77.8177
100.133
84.7255
100.402
96.0013
98.6103
90.011
101.921
83.8459
89.4759
83.7593
111.877
100.471
85.1976
101.924
92.2269
100.309
88.2633
104.901
92.3487
80.8995
93.5906
108.275
89.7794
106.282
96.0067
83.6185
79.4296
104.945
87.7125
112.649
89.4866
97.9076
105.568
94.7771
109.774
96.4935
87.9606
108.566
101.831
91.6266
82.7858
102.223
104.319
93.218
102.515
104.09
83.8753
121.393
91.879
111.938
87.778
108.156
97.2836
96.6543
74.8027
102.38
90.1438
105.688
93.3673
103.171
92.1159
103.829
87.3861
92.2584
93.7347
86.2319
96.3535
103.441
82.4386
94.6872
77.7562
81.5346
86.8959
100.559
106.788
88.3274
83.8127
104.975
100.507
97.4523
99.966
96.886
110.278
101.243
94.2509
91.3487
95.5513
94.7347
111.919
87.6222
89.5728
107.852
94.9753
115.028
104.952
88.5538
83.4999
92.6064
98.3949
89.786
82.8476
90.4573
99.8656
104.543
95.4852
98.1991
107.28
101.598
89.0762
102.913
89.0315
105.115
100.34
75.7649
101.764
95.9883
107.865
101.941
85.8106
102.248
79.2903
91.4435
81.4875
95.3868
95.0311
100.359
101.284
102.415
91.1124
97.9893
81.9901
80.5506
92.1463
100.587
89.6286
99.9853
101.985
94.6934
92.296
92.0584
81.848
93.7408
83.674
100.494
101.321
95.7306
82.7509
93.2966
84.5038
95.2341
86.0162
97.5053
99.1375
89.3452
114.101
109.154
105.304
101.671
80.3946
91.0634
97.1562
96.2525
88.9929
77.7137
109.197
97.9969
104.639
94.3437
108.331
100.515
100.169
98.8224
88.043
96.3572
103.304
120.897
83.6363
95.1732
106.768
96.3548
79.354
91.0206
86.4627
98.6689
90.8905
102.367
96.8366
89.7292
107.868
98.5721
98.9524
83.8244
100.043
95.9525
79.7698
93.9015
91.9887
99.4332
88.56
89.9478
110.559
85.9526
100.165
106.642
98.2893
85.5885
104.951
103.338
90.5847
95.7714
99.5141
82.6946
100.462
111.537
95.114
92.8727
104.563
84.5587
84.4332
102.851
93.5803
95.9611
94.1998
94.4672
89.9843
92.0766
98.3968
89.4854
98.0098
103.002
93.6682
86.3571
93.1561
104.266
106.414
90.5495
76.9007
87.9452
90.4305
110.77
101.335
100.44
90.6154
90.7253
99.1836
97.0305
95.9657
99.366
83.9418
95.8343
98.5051
83.9673
115.578
97.7802
107.155
111.955
96.6003
95.097
85.1509
92.0731
116.229
81.125
101.615
98.81
92.8816
92.8726
100.224
98.8933
89.3181
89.3063
110.935
112.692
106.122
85.3366
105.916
97.9971
97.3151
114.823
103.314
93.3547
78.5704
94.1711
91.4339
97.9412
90.9204
91.7527
92.5669
88.8417
101.552
92.1042
107.566
80.8742
109.596
86.2595
111.603
99.6923
109.531
96.5383
106.629
104.639
101.281
105.342
110.028
93.8256
94.4577
102.428
89.0618
97.0748
79.906
83.94
98.1715
86.5596
93.7038
93.8839
103.078
97.9077
101.304
99.9926
114.623
109.954
92.8732
107.197
88.3936
87.8317
86.4276
95.303
89.3449
97.5564
97.9102
98.6899
102.811
91.1077
87.7508
91.1581
87.28
96.4736
106.286
93.4948
101.348
96.2076
91.3985
100.176
106.478
107.566
83.9783
95.1783
106.016
102.18
111.113
92.6787
86.3186
100.516
89.467
102.542
82.8627
111.008
105.979
102.169
101.525
86.4874
104.245
87.726
88.5136
97.71
90.2489
99.792
94.5628
94.5992
104.385
96.2524
85.0324
89.4599
100.161
108.108
99.5134
104.897
123.475
97.6022
80.5778
103.629
94.5185
87.3769
110.154
97.6875
96.859
95.1855
101.487
81.5855
116.267
95.35
95.9568
100.296
93.2695
90.934
88.4878
100.503
104.443
91.3011
85.4091
98.7322
112.334
100.039
87.1046
94.7144
91.0233
106.095
100.984
85.5162
98.3599
102.575
94.7092
97.515
102.806
81.2693
94.6838
90.0539
101.498
91.0248
89.815
103.844
84.2615
104.387
81.1709
115.94
87.4114
92.6187
87.401
88.3387
103.778
113.247
110.291
105.605
91.0403
88.5269
107.602
85.4716
100.096
105.67
97.0271
87.6186
96.5626
88.0845
93.7491
92.5616
85.4657
94.9202
86.2519
78.2536
104.739
90.2514
86.1425
82.5327
87.4673
105.29
92.79
94.7861
91.1457
92.8547
92.7208
105.602
107.278
103.702
96.4915
84.8961
92.5224
101.641
119.746
89.7125
81.828
74.6498
96.4088
104.171
95.6185
101.455
104.247
94.8999
100.33
86.2279
95.603
98.4701
90.7418
89.0154
89.0985
99.0396
98.1766
86.2789
106.593
103.667
112.808
97.1163
99.9965
101.727
91.0362
80.5295
97.2967
89.8658
118.07
97.6269
115.063
101.424
80.0583
81.3356
98.591
84.1224
82.9787
118.802
105.815
97.5338
91.1308
89.6022
97.9349
85.1199
90.3153
99.9326
99.4486
91.8878
96.4123
90.559
75.4417
97.7722
76.8652
87.8877
95.9299
114.148
95.731
94.6225
92.9499
101.082
70.1582
88.7815
92.0973
115.292
104.74
96.9697
118.435
87.67
115.543
108.89
97.0044
104.337
94.7975
114.305
99.0956
85.3208
90.1215
93.1062
86.4242
102.032
103.096
102.71
107.569
88.9079
91.1987
98.5125
101.224
99.6761
93.7615
85.846
88.0777
89.3838
99.0968
87.893
109.183
94.5179
91.7135
81.0664
93.8733
82.4811
89.276
83.0715
88.213
90.8965
107.842
94.4487
87.0596
88.2445
100.278
90.5843
95.5779
95.0426
113.8
92.8515
90.4478
78.4068
96.3888
94.272
84.0303
95.9021
101.731
91.6887
99.7228
94.1381
104.416
96.2363
88.9564
86.1077
98.3174
95.6833
92.7658
102.038
98.7143
82.0586
92.416
86.0454
94.3467
79.949
110.25
103.383
98.4696
91.0096
88.8955
107.88
102.638
95.4871
97.0395
105.541
85.2004
89.0799
83.5979
98.2185
90.5352
103.743
100.174
106.593
99.7884
91.2637
109.234
102.559
100.415
110.102
94.7818
76.9659
102.568
91.3589
80.7814
106.808
98.9722
89.8699
97.1938
115.403
108.917
91.2369
124.115
98.8428
80.031
105.246
98.9185
98.9296
85.7988
81.229
88.1562
99.9564
96.4552
85.1609
102.871
82.0628
96.4745
91.2801
89.6783
89.6619
101.332
88.6406
84.9667
101.483
102.333
91.939
90.7323
103.682
94.3769
96.4038
105.088
95.7355
89.3175
84.4767
90.7623
96.3862
100.963
85.0459
92.6738
98.9938
96.8429
83.0178
91.393
100.727
90.3508
99.8769
95.2804
86.0668
104.337
115.442
96.0097
90.0037
92.3889
91.3621
88.9641
89.1709
83.2995
93.9038
105.474
107.582
104.29
110.634
91.7343
93.2479
77.9094
104.885
90.798
86.2801
95.5465
111.304
80.8198
96.8675
98.0566
119.584
88.7401
88.2911
97.7196
97.0176
92.5077
90.1921
101.144
113.089
105.259
94.7134
92.1935
89.9365
97.9261
84.2864
84.4994
111.361
91.6993
77.8381
86.8368
80.1663
89.5196
99.2523
107.643
107.5
85.6524
90.5691
104.807
102.781
107.945
104.931
102.665
97.0031
96.0105
75.6125
82.463
93.4632
80.2202
92.2235
116.391
98.8001
114.821
103.263
86.6471
89.5426
95.3544
104.324
104.733
89.4457
98.1499
112.857
93.3614
83.789
109.553
85.5532
92.0101
88.5157
85.4594
101.193
105.253
79.526
105.498
102.641
88.0033
107.977
108.392
99.0554
100.86
105.45
85.5341
104.958
91.9561
101.968
96.0108
98.0661
91.8725
104.457
103.636
101.04
98.3907
91.3805
93.2108
96.2966
101.743
88.1993
113.111
97.2601
103.563
101.13
100.935
104.529
87.2193
93.3878
98.9661
90.4086
75.9227
115.714
89.6052
103.056
102.832
101.995
118.288
100.096
95.6975
96.8831
108.114
99.2739
94.1975
88.3882
87.8903
100.563
96.9184
98.0274
89.1513
95.3237
100.584
99.8061
88.8227
101.536
91.0977
91.819
87.6508
99.3245
99.6458
112.521
101.369
101.482
89.9841
87.0735
102.587
113.448
95.6238
89.2736
98.4236
81.6685
100.092
97.2173
93.5259
101.375
97.7813
92.3252
86.4954
89.2571
90.6531
98.3817
98.337
90.8232
87.1381
118.303
98.8811
88.5977
71.5132
96.0992
96.0496
107.004
87.8044
93.8239
119.13
98.3522
101.265
95.7428
98.6815
79.0572
92.0994
86.8502
88.6538
118.619
100.364
104.79
104.442
89.1275
94.228
88.7315
91.9149
97.1462
89.3726
91.7141
85.6222
105.922
115.466
92.6386
104.98
89.8578
101.809
96.2475
76.742
101.269
90.8752
104.13
82.0175
85.7309
107.947
102.041
92.0909
112.17
84.5897
95.1889
89.8091
93.7359
87.577
99.7119
107.684
97.0561
83.199
88.4338
106.308
96.7557
107.804
111.539
104.509
105.093
87.489
90.9576
100.883
85.6032
103.126
90.0236
90.6212
102.27
102.482
105.881
82.114
91.8227
103.853
97.1024
116.755
106.768
111.038
83.5695
110.869
109.543
101.573
98.8184
102.336
105.201
93.3945
102.217
112.185
109.932
92.4418
95.971
93.7549
93.2859
84.8064
94.9891
91.2614
96.0263
99.6904
95.397
100.852
89.5814
93.9355
85.7903
96.6531
83.1576
75.4444
78.6933
82.4612
97.8427
97.0758
86.6167
100.241
79.0014
96.7982
97.597
90.7503
106.677
105.673
91.1715
82.4866
101.505
103.324
97.6323
108.217
89.8654
93.9977
91.179
99.2648
89.0058
97.3375
115.91
100.601
91.2197
103.346
97.1735
96.7504
88.7931
91.1371
93.2718
93.3147
83.559
96.7749
79.122
101.149
102.096
96.4358
108.532
103.6
98.4912
115.356
106.526
67.4709
92.6667
97.4199
89.5598
104.394
87.9095
97.6112
95.9362
93.5179
101.339
77.3577
90.7171
88.9832
106.082
116.072
93.1666
92.4921
95.8574
80.252
120.297
96.0003
90.2338
99.555
86.5765
103.961
97.5631
89.7777
86.3433
106.505
87.8732
82.8989
104.619
100.161
98.2159
85.1432
99.0385
95.1896
84.9598
97.3401
98.3016
98.2635
100.47
93.0492
98.1351
105.824
84.9958
97.3194
86.8141
81.0273
90.3941
108.431
88.1902
77.4841
88.7367
102.902
94.8669
97.2901
92.3212
88.7986
87.5884
103.269
94.1202
117.583
93.7661
92.9073
101.291
98.9904
91.1247
101.2
92.1441
91.3771
80.6328
95.8796
107.155
92.745
101.303
116.625
104.645
93.6845
105.147
98.5285
88.797
92.9827
93.1549
93.5505
89.3676
90.9131
84.87
86.7693
102.719
102.579
98.1556
92.2954
98.8739
91.5599
98.1418
103.881
102.458
97.9196
96.35
92.0551
75.0793
87.108
87.2185
89.8257
99.0857
87.579
102.262
104.953
84.7087
98.7861
110.689
97.7341
110.218
90.4487
113.846
96.0084
92.1507
87.5591
105.02
112.369
94.7391
99.7865
108.433
86.5582
103.641
93.3772
98.0461
98.61
111.649
96.836
93.8168
94.2194
94.1216
82.6462
99.8884
93.6841
89.144
97.4832
95.9727
91.0503
95.812
101.022
101.318
95.4414
97.4976
95.915
97.9393
97.8089
90.7794
101.268
101.738
84.9775
92.9516
102.103
106.001
100.704
106.628
88.9132
87.3965
91.4128
84.1621
113.096
94.3529
96.2587
103.929
78.8231
99.56
113.996
111.325
87.0624
92.6257
84.6712
89.6683
87.9091
103.749
112.356
93.9686
83.9091
95.3133
109.146
89.9976
100.704
98.8576
86.141
101.033
85.8124
110.538
107.99
87.575
93.6911
87.3202
106.591
101.9
113.808
111.726
99.7565
96.1591
84.2507
109.289
104.447
110.923
95.7031
88.3209
104.192
99.2184
103.462
94.2538
88.4086
110.501
109.919
81.7284
121.819
106.498
100.439
99.4921
84.399
83.7283
93.9731
89.4486
94.1601
96.2825
116.211
96.3854
99.4959
92.7108
95.6002
100.613
91.067
79.0878
107.43
103.281
105.547
103.772
88.6212
92.7479
76.9734
98.4462
77.5005
96.3293
101.424
84.8129
95.8001
105.935
98.5942
108.459
97.4255
107.268
88.6354
94.8309
88.8011
99.472
90.5129
96.0178
94.4989
93.6088
105.596
104.496
87.2232
89.9294
98.2882
91.352
98.6039
93.2266
93.3177
102.01
95.4229
95.6975
84.379
89.376
90.137
101.481
86.8172
76.773
90.3517
99.4308
100.707
94.501
92.1967
104.177
92.9317
91.2916
108.094
86.8656
89.468
109.249
99.3414
88.9139
92.2633
100.324
100.966
86.8896
89.1804
84.8473
101.552
95.177
80.9614
93.0844
98.2681
91.4238
85.5301
94.7974
106.722
93.5821
95.2513
109.478
103.521
110.333
96.0027
102.99
90.1885
94.1703
90.0134
89.7574
90.3871
87.0575
99.274
109.435
122.609
95.3298
105.178
84.9235
111.867
88.9857
90.7089
88.4517
105.789
98.6284
101.738
87.7576
101.669
111.822
94.7898
87.0525
100.126
94.6289
101.653
92.8084
84.3888
98.0855
92.7865
91.8528
91.3245
103.109
102.653
105.299
94.2131
94.6647
91.7085
93.1602
97.6071
84.1137
89.7221
96.6508
93.917
100.829
98.2037
96.4924
103.964
94.0646
109.899
94.372
100.258
100.342
95.4217
91.3077
87.3834
111.745
101.771
93.7835
75.1162
101.326
83.1162
91.9547
89.933
99.1098
107.003
96.6567
104.807
90.107
88.8279
93.7739
84.8388
92.5292
81.3844
91.6589
97.3296
94.0955
108.147
97.405
111.794
85.9659
104.398
95.4848
87.1403
98.4252
105.641
81.1569
95.4652
87.7286
83.2066
84.2567
77.7255
95.8251
118.739
109.591
87.1235
99.5527
98.8228
93.607
94.9955
88.0636
110.462
94.4568
101.896
104.21
87.795
85.4652
85.3009
101.393
96.1747
94.7021
104.493
89.1262
109.37
92.7831
105.688
96.7672
94.6746
103.455
85.1634
117.685
92.541
95.8126
86.6986
106.676
86.9518
107.36
95.8077
93.2875
102.171
93.5502
100.445
106.678
98.8215
104.814
79.7479
83.4525
99.5175
86.5019
111.321
87.4118
110.923
96.4578
100.323
106.744
86.2097
99.4692
95.3569
96.1062
86.5586
103.775
105.081
86.729
90.6808
116.391
93.1982
77.9823
106.062
101.506
85.8044
87.1367
83.6252
81.2656
114.804
91.6794
127.945
97.2844
101.127
81.9282
109.193
80.2997
87.0984
97.8913
91.452
98.4499
95.7522
93.998
103.995
108.228
89.5039
90.8227
92.3016
105.291
95.3926
87.5547
89.2494
114.93
89.7729
94.5075
104.004
107.061
91.7006
102.703
89.9421
97.7626
112.459
103.516
95.7088
93.1403
92.2409
112.099
112.926
96.3984
93.8255
94.8419
97.3256
89.1765
84.6126
100.649
94.3809
78.927
95.1073
93.4796
84.7742
110.02
105.59
99.0038
83.0718
90.4172
97.4347
94.3719
95.8557
101.955
84.4449
96.3582
97.1924
86.7307
90.0873
85.6394
97.4502
94.9759
84.3542
102.138
93.0409
103.868
97.6331
89.6555
97.1263
95.7437
105.128
92.275
100.487
115.254
100.044
92.1298
100.098
97.5842
98.608
95.9559
101.295
93.1444
79.8818
102.284
105.422
123.658
95.0315
90.0666
99.78
107.445
84.2041
114.926
97.1845
99.0072
88.9956
113.255
97.6409
86.9837
78.4568
111.318
100.926
104.17
108.446
96.7008
87.3805
100.84
105.801
112.143
104.151
93.9331
105.733
118.419
103.031
94.4289
103.864
84.9488
84.3132
93.1374
95.943
86.1988
99.1979
113.398
96.3578
98.8161
96.5481
101.039
76.8191
105.369
105.374
95.7192
93.437
84.8302
93.3782
95.6225
99.7101
89.6408
83.3839
101.047
87.1689
97.8348
94.4656
105.786
81.3256
103.966
98.4096
102.15
92.7782
111.872
91.8201
106.832
80.8772
91.4869
91.5969
83.2076
89.1155
97.2001
104.954
104.859
101.761
99.3763
103.278
118.059
94.983
89.8746
107.561
112.968
101.354
84.9065
95.2225
111.787
78.7085
81.8462
88.1454
93.9032
86.6388
101.718
100.848
104.361
88.7159
94.5676
97.4711
91.8267
88.047
80.2862
97.5535
103.854
93.6874
104.725
93.0932
97.4545
103.804
99.9521
89.9915
88.3468
86.0975
83.3935
93.858
80.4462
85.2872
89.3904
94.0832
96.3969
90.7723
99.6907
103.395
103.138
89.7872
85.2759
103.056
92.7277
103.626
91.6206
100.809
85.4597
105.721
93.2419
92.6688
84.3232
91.4686
78.2053
98.0725
93.6179
92.5246
102.159
95.0411
87.7723
98.3665
82.7654
95.0891
110.807
94.2274
103.189
80.5156
95.9696
89.5943
108.078
95.6766
105.662
89.9395
100.437
103.279
97.5222
114.763
107.544
98.161
90.9281
94.0632
109.186
90.3904
84.6392
93.5267
100.608
98.7026
100.152
100.247
113.068
101.067
91.4682
106.584
106.893
113.632
98.9832
93.7437
80.2607
90.4128
100.248
100.338
93.6339
80.2482
102.887
95.9907
89.6011
89.3893
98.5116
99.8728
88.8181
98.5883
97.0301
102.478
83.2773
127.574
110.711
95.532
93.3506
96.9597
96.8262
99.2152
89.2063
88.3505
99.4291
88.8603
93.3488
90.0834
106.196
97.7374
92.4349
106.467
77.9036
105.014
97.5514
101.678
104.511
81.8263
85.1062
100.125
100.901
93.4581
97.5009
109.937
100.386
101.465
86.5964
106.305
104.218
94.96
94.1117
110.462
106.94
101.215
104.281
88.1802
87.7672
101.282
84.1091
91.7046
107.356
103.481
94.9719
88.1562
104.757
87.1182
97.4373
82.3277
94.2832
90.4642
89.18
90.4855
107.671
97.3581
100.748
93.8584
95.6985
89.246
87.2686
109.712
92.7708
103.735
90.4088
97.6254
110.947
94.4335
94.4749
91.0636
99.1159
98.8701
95.0481
103.51
85.5311
91.0553
105.626
82.4698
84.6978
124.199
91.4863
104.803
94.9118
101.44
101.61
91.5789
94.3247
97.1717
97.9484
95.566
85.4941
95.1115
109.324
97.4617
102.445
87.8768
101.253
76.0443
101.837
110.109
91.4762
87.2567
93.6162
92.1499
98.2806
94.6031
97.9131
103.119
93.617
92.7697
102.93
106.074
92.8792
103.558
105.557
91.9657
92.7263
96.3431
93.5885
100.538
91.4624
103.882
90.5769
83.7476
110.26
106.982
99.0513
90.1762
101.371
103.661
100.812
82.5384
102.078
105.547
102.44
91.7669
94.7202
84.2004
97.1708
95.6133
86.9732
82.65
89.5495
102.251
94.7632
84.3568
107.643
93.4682
78.583
95.2976
98.6419
82.2277
98.6437
90.9883
105.939
91.7438
93.4376
95.0809
83.3611
90.0589
97.9054
88.7798
98.1917
92.8713
90.1822
104.249
107.874
85.7928
90.9594
102.806
96.1645
94.2258
109.153
103.707
92.626
102.658
94.2854
94.7634
120.349
91.8426
104.301
102.997
83.2216
116.355
88.4465
94.3022
100.732
94.4397
93.8104
99.9803
96.305
100.557
86.6493
83.6974
85.9426
100.073
99.7385
112.996
97.0821
92.2599
96.0459
102.442
93.5333
121.059
93.7601
89.6565
100.255
95.2369
98.2299
105.533
78.2034
86.9073
94.9958
91.1666
101.862
98.3744
98.1801
105.429
83.3653
94.5164
89.3233
95.6927
79.1767
96.3729
92.0011
76.5151
120.877
106.957
87.9885
105.295
96.9947
97.3134
77.2502
91.871
81.3902
91.8106
85.121
81.0945
98.23
75.8414
101.364
85.5235
93.7549
83.9544
105.519
87.4228
99.6303
89.4742
88.7042
115.857
99.0355
98.3595
90.3455
102.194
113.452
82.441
86.2051
86.9724
113.698
105.599
90.7434
87.8602
97.7812
98.8245
93.6078
86.4753
102.12
106.86
77.427
93.4077
106.996
80.7433
102.989
96.2176
95.1674
89.2015
89.1377
96.6965
82.9208
105.502
104.768
98.7102
97.8493
93.2628
80.0765
104.979
87.7453
80.7341
101.498
96.2661
94.0956
103.633
101.499
100.707
99.0283
80.4977
86.8086
108.264
96.612
107.201
96.3416
78.608
92.61
91.5967
90.1583
102.409
88.4746
93.8508
94.7601
93.2714
97.547
104.595
91.2546
102.646
90.2789
93.1155
105.234
87.917
91.6069
109.95
93.0921
98.4778
87.7455
105.03
85.5751
89.2048
89.9785
100.954
102.143
88.7925
110.353
102.3
89.6896
82.1219
101.662
99.2064
102.114
95.2281
100.07
91.7776
86.0526
100.949
111.929
88.5252
85.6027
101.561
103.877
90.6798
91.2901
109.454
100.352
99.1152
83.8634
85.7905
103.6
108.486
92.107
95.6788
92.6425
90.2975
94.4448
99.8955
90.1254
73.0861
97.5422
92.8829
100.293
91.6204
94.2578
90.7701
97.6626
89.2457
100.525
111.33
94.4374
96.3662
97.3137
88.4024
106.025
91.0809
85.4811
91.1015
110.523
84.2237
90.4875
90.4774
95.9729
85.1885
83.2888
95.2041
99.8025
86.2645
101.345
88.0306
99.9789
120.025
101.459
84.5549
105.21
80.2595
98.709
103.772
104.222
96.152
95.9891
90.8188
73.3104
97.0076
106.461
88.6447
100.535
84.8315
98.2089
89.2591
101.004
95.0518
91.5864
105.568
98.1516
104.808
87.752
95.8096
104.76
100.015
84.5696
73.7173
95.3043
116.849
109.886
79.5404
104.336
104.683
92.6365
71.6214
103.146
83.4449
87.4596
96.9536
121.413
88.2921
91.8268
94.9521
102.822
93.5889
100.282
107.868
95.7242
93.6948
95.3457
97.8903
94.5003
88.2012
112.216
98.9086
95.3936
96.3536
98.0243
77.8274
87.2415
89.1391
98.4474
103.838
99.7392
93.5328
93.0068
90.4517
109.804
98.0007
100.812
94.4282
69.8536
107.891
116.082
100.142
102.875
83.7127
93.5445
96.9219
89.3091
90.9582
112.194
95.1788
85.3899
112.399
99.0562
78.5459
88.6175
105.763
88.9738
96.51
103.533
93.1679
89.4645
100.413
94.7663
98.5546
105.009
99.5082
90.4524
83.4662
106.82
98.2217
110.078
76.9426
86.0927
84.8288
95.8791
118.297
98.2601
96.2966
91.2519
101.872
102.978
80.3688
100.801
88.1744
98.4104
79.112
97.4033
99.3402
92.391
87.1096
94.7305
94.3388
99.4409
107.598
101.4
95.274
90.3856
98.0158
85.5192
92.9017
91.0087
93.7483
97.4995
69.3661
95.3269
92.1165
93.6397
91.6132
103.494
82.5742
85.6923
81.9059
91.8015
100.095
107.963
98.3347
92.6052
86.6433
89.925
89.1998
99.8785
85.7352
95.5427
75.4667
95.3049
96.3279
102.536
93.2333
100.723
83.4185
113.961
98.0467
92.7934
95.3945
104.485
101.447
91.8585
118.847
92.9448
96.7652
92.0433
88.3349
88.3056
97.8727
91.9032
103.617
91.0245
103.279
101.157
94.7413
114.986
103.514
94.8146
93.7172
103.444
100.21
89.173
99.8088
88.3161
103.551
95.3833
99.5946
87.3514
92.4619
104.2
89.953
94.7063
99.7514
115.633
117.415
106.49
98.7504
99.6189
92.1385
100.526
112.087
95.0645
93.3342
116.574
85.2872
91.8343
106.868
115.001
82.4302
81.5808
94.4734
97.8685
95.6951
103.562
90.2281
101.478
94.2592
83.9143
91.16
95.9715
97.7135
95.0931
96.4651
93.5765
97.896
89.5199
88.3717
90.2
101.323
87.4078
82.9287
86.0651
94.5014
80.1106
98.7288
91.042
93.973
113.288
94.8924
98.3081
92.109
95.1396
98.9086
92.6912
101.212
95.3953
91.1067
88.4481
116.129
102.105
105.031
88.3512
89.4209
99.6486
102.29
96.6303
84.5557
92.3587
92.8639
104.292
96.2532
96.6161
86.7793
76.6779
100.557
87.4244
108.754
94.0042
100.345
84.4536
112.111
87.8504
99.9821
95.732
102.855
94.6881
116.441
94.1279
78.5975
89.8549
85.2235
85.515
84.6906
100.108
91.5232
101.454
83.3521
97.5391
97.2928
98.7418
112.568
88.5558
98.212
98.7695
94.7344
96.0044
97.5862
91.8641
97.6758
79.402
99.5043
97.4967
106.06
98.8489
93.2356
110.356
92.9743
108.648
85.1477
95.3722
95.6079
92.8558
99.0519
100.149
105.93
94.6247
89.8155
106.434
83.8139
90.5953
90.0903
85.4549
87.1203
113.904
101.002
85.0367
98.5217
89.6229
123.923
100.976
97.7084
113.365
85.6809
94.0982
84.0345
90.9106
99.4387
99.1069
87.3824
101.689
96.1138
78.6708
90.5356
86.8049
98.6665
92.8497
76.1811
116.289
97.9363
83.1037
96.9019
94.8264
83.1107
123.7
101.97
107.942
99.7247
113.102
84.9106
85.1556
93.1112
91.5818
102.792
90.2258
89.1297
96.7795
101.589
94.9948
99.9198
109.42
92.6363
93.8382
82.864
88.3051
90.7658
79.3956
108.481
86.3328
87.7366
97.0019
94.82
103.624
121.005
83.3591
97.0522
99.3349
90.624
104.895
105.787
78.1772
96.7009
86.5286
97.7865
86.6696
104.713
86.657
106.18
96.6504
89.3398
95.5554
86.9728
93.4551
116.083
96.3469
88.7235
102.022
88.0026
99.2522
89.0014
93.2445
88.3794
93.5221
93.8715
104.614
92.1634
96.7045
95.1062
104.948
100.533
102.213
97.1564
99.4369
96.2592
87.2075
105.841
91.0446
91.5865
103.592
97.1217
97.1086
115.112
92.0527
84.3349
95.7157
90.2011
84.5906
88.7938
103.027
92.8704
81.3473
94.5391
108.666
89.4655
93.2866
93.6246
109.375
90.5453
110.833
87.7108
95.8469
83.6384
95.6683
94.597
90.366
88.6417
96.8504
91.6379
107.158
90.2868
103.878
93.2109
116.471
92.5475
102.126
108.534
76.6408
97.6823
107.038
90.5457
90.455
76.7586
83.8799
111.612
97.8907
100.497
96.6314
81.5623
87.2866
89.6402
92.6685
112.006
104.908
104.565
92.0075
109.002
94.7344
101.861
81.6123
104.602
98.4921
88.2672
99.7709
76.8584
87.6658
98.1754
104.501
84.6403
112.011
110.603
93.8222
105.609
87.0453
101.357
94.172
98.8716
93.0163
81.6636
86.9068
97.2538
91.3987
93.8017
102.974
82.7042
101.443
86.724
89.9044
101.995
92.1854
104.568
97.2769
90.7512
93.4986
94.4724
106.719
91.3964
101.25
94.9306
83.2663
109.049
94.5988
112.767
87.6356
116.912
93.5314
94.786
99.3368
105.386
97.2031
117.452
97.3959
105.714
93.6141
108.087
76.4459
88.0411
105.158
104.27
103.281
94.9456
96.1753
91.5914
92.6575
94.4976
89.5603
94.4119
96.3929
76.4445
110.35
99.3853
76.1202
90.9325
95.7089
110.631
85.1373
105.523
92.4875
97.9129
105.896
93.1228
85.3368
85.5135
89.2472
95.1693
104.698
95.0902
109.201
76.4597
96.7415
94.6612
95.9064
90.9596
83.7988
96.8148
87.3457
86.9724
89.8601
97.6384
104.902
85.6267
89.6038
73.2668
90.9787
102.226
113.401
87.0298
88.259
105.242
102.436
91.5257
93.0733
88.4107
107.652
90.2439
80.1226
97.221
97.7797
102.519
90.1824
91.9214
91.688
75.0627
83.8455
87.9163
81.8357
82.9217
95.5726
90.6836
90.1912
110.235
88.3832
101.007
83.4032
105.378
89.3481
88.3023
101.182
95.2152
107.683
106.277
103.159
110.304
88.018
96.8423
87.6141
90.1455
114.57
87.0941
101.587
91.3326
91.1764
83.022
99.5043
92.8069
87.6476
91.2049
119.216
102.961
81.6352
115.73
96.078
97.4547
109.039
85.4537
89.8865
104.479
99.5196
100.584
113.593
92.2648
86.2137
83.345
102.834
113.226
100.695
90.4744
103.171
94.9387
104.682
97.8296
88.5524
117.921
96.7512
101.936
105.537
93.035
99.4726
96.0597
99.512
89.9779
99.6202
100.953
86.0097
99.6779
109.316
89.8256
103.646
112.361
106.47
96.7044
87.2765
108.965
90.8402
110.404
111.502
74.4384
82.8432
76.12
89.9846
101.941
106.961
96.4389
94.5341
101.833
89.1567
92.9456
92.7996
103.839
104.495
97.7597
93.4634
102.199
93.9659
86.7125
95.3237
91.6942
101.262
91.8654
107.139
97.2778
96.4162
92.0893
95.8422
85.071
95.4593
88.4287
101.782
88.7189
84.4949
103.221
90.3267
92.2816
97.8664
111.129
106.941
102.215
97.2216
94.6005
107.515
106.296
97.0518
107.123
103.551
118.567
82.1921
84.9907
89.6543
81.6142
101.737
84.7614
84.4465
106.284
99.6848
93.8489
97.2605
86.3305
96.5807
84.4502
93.4483
105.324
97.9081
86.3624
105.321
97.8446
83.1434
101.071
93.2684
107.605
99.4409
104.957
88.2752
92.7725
84.9994
95.8663
89.1821
97.267
90.8149
85.4082
90.5625
108.974
94.0249
87.8413
104.472
93.7601
95.0136
83.7425
92.2518
97.769
89.4921
103.378
106.333
105.229
100.755
93.1132
89.3777
117.566
85.2605
96.7904
97.4947
105.465
90.3531
83.9507
121.004
108.79
94.7196
101.106
90.4367
102.583
89.0396
100.146
86.7111
84.9797
85.2203
91.1394
99.3201
84.5317
85.7967
82.1431
89.8338
101.252
99.9447
95.2624
113.005
91.2006
94.7195
105.095
89.8453
100.437
93.3275
80.2546
95.9674
91.2581
95.4663
90.7036
87.0375
108.54
113.908
104.098
101.522
100.084
88.2507
103.342
90.5724
87.7259
88.8664
110.579
81.5028
93.222
97.0403
102.991
103.284
97.9227
87.7689
102.453
100.465
95.9697
92.9181
98.1394
103.739
94.5641
90.3966
95.112
101.791
95.6956
106.281
92.0233
104.647
86.0431
104.094
116.059
104.421
97.9897
99.3401
96.2133
83.8149
92.7813
82.9814
76.8154
92.316
87.1496
103.543
95.3527
106.425
92.9928
87.1499
101.952
79.7767
104.859
96.9347
92.7806
99.9008
86.9363
118.875
95.3466
87.9059
77.8129
101.092
96.5681
95.7744
97.663
92.7839
84.0931
97.31
111.921
93.1415
89.6566
88.6718
119.692
95.1187
95.5699
101.472
93.959
100.959
109.384
109.791
84.1581
104.942
76.7877
92.967
101.049
97.7081
117.19
93.893
104.138
94.0636
93.1032
103.529
86.8172
104.602
93.7347
112.466
82.2631
100.567
88.539
93.508
99.2116
106.238
100.534
99.1417
90.1353
101.767
94.3571
99.2797
100.309
98.0344
100.418
97.5436
89.59
97.4078
86.4195
86.4956
102.583
86.2112
110.487
104.163
122.389
85.7871
84.7485
89.9404
103.357
84.4869
94.6017
85.1177
100.829
90.2345
96.5217
98.9377
89.5491
95.5502
94.7309
87.6639
99.2262
104.028
98.5587
102.439
105.339
92.3433
97.2992
86.31
98.9875
80.4323
108.327
98.6518
103.532
101.576
91.6721
97.4634
107.745
87.2586
98.7184
98.8703
86.0081
100.376
90.9662
108.002
110.79
91.5451
101.702
89.2351
94.2301
81.373
90.6093
99.2483
94.0261
109.903
94.0105
91.6037
92.8523
83.9654
113.716
99.2134
96.6191
101.238
88.2265
95.4113
93.9181
81.7431
104.252
89.0563
99.7477
115.242
95.5324
101.047
100.386
83.4598
106.783
99.3622
99.3172
82.1516
87.8859
100.321
84.0207
87.8556
92.0416
99.0978
100.077
99.7977
87.1074
101.6
