60.5809
58.179
68.6888
62.8522
77.6151
82.67
92.5718
78.1284
61.0765
80.4172
84.127
103.092
71.065
73.7506
86.5334
73.3834
68.0415
91.8937
87.1603
75.9159
85.1734
83.1213
85.1506
88.5443
63.6144
75.7198
86.5472
99.1293
71.4393
75.5817
62.2967
81.1848
68.1477
66.6564
72.7355
94.2107
70.6097
76.0748
77.9606
89.3322
56.4547
68.06
61.3243
82.1671
74.7414
79.439
82.9964
65.4511
81.9984
68.1046
61.7127
60.937
67.6051
74.752
68.3917
72.5144
61.7526
61.3448
71.8303
70.965
61.0217
73.0682
69.2768
68.5138
71.7326
84.8609
68.9015
57.3137
65.4233
69.6679
77.0842
69.9035
95.5045
78.7888
92.6594
61.7537
73.3869
66.3786
66.5291
85.6757
74.219
69.6184
67.1678
66.3037
65.5455
96.8031
78.6639
84.3907
73.7397
61.5548
75.2975
67.0013
68.7351
68.3394
78.032
62.946
77.0568
72.0095
79.3571
72.5912
67.9165
74.8523
72.0098
75.5828
77.5253
61.9544
63.3432
78.3513
70.1855
69.9637
72.1101
65.2217
75.3629
68.6566
67.3783
68.9102
67.4966
60.5679
57.9016
70.6779
57.9671
62.7837
75.2715
65.6117
68.9785
59.7041
88.2977
64.0435
73.1561
77.4319
71.6784
58.6366
57.8595
55.2852
53.8388
58.4466
76.0181
78.5284
78.3051
75.8031
66.5973
60.1561
100.551
76.405
68.3604
70.1164
73.5121
80.106
87.9501
76.0595
67.9103
55.8552
52.0721
76.1055
59.7472
69.0477
76.0054
75.5952
62.256
59.2305
81.351
71.3659
68.5403
67.8474
69.7219
71.2068
71.3396
63.9668
70.8073
61.3604
75.739
63.0977
66.2222
70.6685
62.6245
71.0938
71.5714
73.2048
78.6389
75.836
74.9815
72.1183
79.2943
73.8851
78.0304
81.7618
59.9533
66.29
83.5422
67.7634
67.0207
67.9015
81.1604
75.6283
58.9658
58.1035
65.8307
73.9815
78.9288
75.268
62.8364
73.1753
68.0689
79.4717
72.6728
81.13
70.1175
87.3165
69.5479
68.2693
53.5857
63.5306
75.0651
70.9058
67.1098
77.1396
67.6211
81.1725
76.2782
73.2858
70.0819
80.5506
71.3079
62.0576
67.5753
87.8614
75.0573
82.7197
57.8724
64.1712
79.8858
55.5098
76.8893
74.7078
72.7453
65.6373
83.8348
69.972
83.9828
67.194
81.8488
85.3214
65.995
69.2084
72.093
73.0152
78.3718
78.7453
83.632
74.0265
73.4457
79.8479
74.0719
70.464
66.4365
78.1153
75.0154
63.0512
79.5887
87.4911
76.9738
83.6054
58.4197
78.3253
81.5519
65.8215
90.8411
73.353
76.3442
64.3249
76.2024
77.7483
95.709
74.3492
91.3767
67.8209
78.2744
66.6474
68.3554
88.0431
80.6899
68.681
69.0866
63.0625
61.75
83.403
57.6114
60.1939
92.0466
74.7608
78.4574
73.1909
81.5051
77.0795
78.1039
75.7501
81.2213
77.2027
84.8287
68.9961
73.5617
67.8133
70.4344
59.2992
66.4363
76.8138
85.1609
79.712
73.6551
76.3809
82.8169
77.835
68.7539
82.3633
68.7965
74.817
70.856
62.8149
71.3351
76.7714
76.7186
74.5937
71.479
68.1328
72.2625
74.9664
75.1941
84.3515
50.8624
72.9103
64.1752
69.2442
69.2135
72.8458
55.0326
78.4908
86.7651
69.3735
66.5854
77.8126
80.2826
58.2037
56.7274
65.2654
88.6061
61.9446
61.6114
71.2604
74.6445
80.0706
66.9638
87.7525
79.0558
70.6276
71.1216
75.5193
66.4328
73.9708
78.6299
69.3077
80.2291
77.0207
75.4505
57.7535
64.214
70.0998
65.1208
75.9081
67.1604
79.3724
72.6528
59.7874
71.6591
63.0222
58.4521
75.5994
70.1525
76.1745
60.2517
54.0084
56.1846
67.4181
78.0316
70.9839
65.1223
74.9013
61.2016
76.1127
81.5312
75.6279
60.4063
71.1838
83.1652
54.8964
63.6213
80.9448
61.557
75.2745
71.9742
73.1619
64.5753
72.908
66.221
69.3241
73.3641
56.7538
102.061
67.3548
70.5799
73.6279
66.0744
73.1871
72.8973
78.0163
69.3831
60.4001
70.1262
77.9185
72.0609
63.6717
73.7377
56.9022
69.4008
78.8616
78.7552
66.6001
71.3869
71.8969
72.3158
70.1285
78.8906
66.1075
76.8375
71.24
51.4261
57.3049
53.9469
67.6411
87.7932
73.1995
89.96
59.1631
80.6906
65.7477
81.132
75.7487
66.873
61.7765
69.1304
71.1016
67.3584
60.0205
80.201
65.9554
78.1862
63.4458
80.657
78.4594
65.0661
70.1625
68.3278
70.3837
59.6464
65.9587
60.2253
62.0724
68.2126
64.2758
76.2697
55.9812
66.5816
84.0625
88.0766
69.1553
78.0727
74.1324
82.87
64.3467
51.1836
89.1779
67.4717
79.1146
80.2512
76.2319
79.5093
58.2629
65.7405
63.6324
58.1546
55.3313
74.2066
69.8996
62.7429
62.7748
84.684
71.7115
66.6316
87.4989
74.0519
61.5643
72.0026
81.701
71.4016
64.3115
69.0342
68.3903
80.8351
75.8152
55.9285
78.6968
77.8342
73.8108
62.1437
87.2786
97.8849
84.8822
72.0484
69.5715
78.2377
65.4542
66.7604
54.8602
87.5071
49.4312
83.0195
71.0119
64.4358
69.8232
66.9343
81.1086
80.7399
85.3094
70.7113
63.0597
75.3465
67.5796
79.7957
75.533
79.7991
71.8634
73.6889
72.2022
71.8368
58.313
69.1278
76.2437
68.9351
73.5154
64.6302
65.4034
72.6273
73.0912
61.2089
80.8307
52.8123
68.4827
63.8119
72.7416
78.7949
80.349
79.4151
62.8802
71.8703
80.6719
56.5167
62.7734
88.8091
61.0131
81.0698
66.9191
79.2068
78.0736
75.784
66.0455
79.1936
52.3996
67.1557
50.1335
69.2391
61.7749
71.8703
74.6058
68.2268
61.2678
72.4447
70.4748
61.1872
96.3402
79.7509
53.5751
63.8517
73.4283
72.5265
71.7161
69.7647
74.7426
67.528
75.3957
71.0676
66.128
68.9863
78.643
88.1554
79.2587
66.4442
80.0642
66.1985
69.2374
77.9645
71.4081
61.1011
67.1707
63.9409
77.1177
82.1733
70.5725
77.4402
62.5222
64.6618
80.0454
81.0516
59.6272
63.7103
69.2751
60.29
76.3169
68.1925
74.1813
68.2495
80.5645
79.0642
74.972
57.1144
80.5323
67.1044
61.4448
76.6852
56.0612
72.4173
66.7152
73.9477
62.5969
70.4806
74.6822
84.9053
71.5366
82.9298
64.0978
72.9125
78.3559
69.3733
84.1095
73.6418
76.081
75.6096
56.057
67.3079
75.0406
83.0928
75.4361
73.8481
78.6925
62.0021
83.0039
85.0837
74.3523
69.1689
70.8316
69.1614
69.0823
71.1889
84.8098
85.0914
94.4731
86.4973
56.2713
68.3888
69.6798
60.3931
76.6297
82.8736
76.5998
68.4542
71.9112
77.7792
63.5064
65.1814
65.7142
78.119
63.5947
69.2412
68.664
83.5261
74.9155
74.4267
76.8566
79.3134
58.2892
74.1565
73.486
80.431
74.6608
82.6298
79.6499
67.0344
72.4341
72.7376
71.1114
67.6986
79.4871
58.2918
78.0591
87.3484
73.9243
64.043
65.5843
82.5868
56.4006
75.0313
54.23
61.4596
60.9022
70.0086
61.81
62.5695
72.3001
77.4927
71.2293
70.3781
72.0911
66.2861
64.4763
66.1622
74.3719
66.0599
78.0354
68.9545
70.485
71.1885
82.9619
72.9584
84.7155
78.4861
67.2254
82.6071
77.4405
60.5021
62.4269
61.4992
66.6789
63.4717
68.7524
54.4767
62.2174
69.1614
87.7787
61.5703
95.589
84.084
72.5642
61.6753
76.3723
82.1893
69.1277
73.4786
82.1891
79.7683
81.5221
84.8399
75.0016
74.4519
75.1084
78.2328
60.5589
63.5065
66.1516
76.7912
65.1941
71.1158
75.1895
81.2462
62.8632
66.2652
79.22
74.138
70.384
80.7647
72.9064
70.4703
76.7632
76.7854
75.2224
68.8144
74.3687
70.6693
80.3395
71.0472
69.1119
83.3111
84.4505
77.7301
81.1756
64.6433
80.7182
54.7241
76.8376
71.2506
63.5475
82.1977
72.5393
74.1075
58.6533
63.8992
52.4261
75.1828
71.9346
65.0196
67.5763
83.4733
79.1261
69.7886
69.5012
81.081
80.7916
62.081
62.5473
56.0577
85.507
67.0606
75.9968
75.3656
78.938
74.1109
72.1434
70.6031
75.7693
74.7845
78.9312
75.7483
73.0579
57.7825
68.3683
68.2894
71.2104
84.3074
71.8103
77.2504
70.6752
57.7675
61.8843
80.7362
67.4422
76.1311
83.8348
70.906
56.8954
79.3938
76.6156
65.4645
65.8571
74.2848
78.7516
78.3787
72.2693
78.0871
76.1455
82.5437
85.1637
75.629
60.1184
66.8883
63.0674
84.3197
68.8295
59.3844
62.0234
78.804
80.8225
66.4305
76.9097
71.4211
75.7054
70.0751
69.7024
63.1721
65.7851
66.962
64.6471
72.9269
80.526
67.9945
68.3268
56.1642
73.0078
69.0744
74.9842
72.4998
68.5189
76.2391
76.1744
74.5261
73.878
79.7685
81.0269
84.4842
70.7503
79.6189
52.6442
65.256
62.1104
58.8037
74.253
85.2742
74.5039
83.5846
65.328
76.3817
65.2024
61.1845
69.9957
82.6413
62.1207
93.2969
69.0511
76.5417
76.4409
64.6006
65.6588
66.9529
64.2158
87.7746
62.702
64.432
80.1541
64.5284
72.7089
63.6629
71.4066
93.2483
67.2071
72.8493
59.6226
79.7391
74.4454
59.8055
52.3356
63.1357
61.5547
96.2126
70.1762
74.9348
76.7511
82.6604
66.0521
73.0263
73.2422
80.4096
60.4872
74.06
63.8577
66.8307
66.2192
64.0607
61.4536
83.392
68.3287
86.7019
79.0547
73.034
52.7946
55.4869
79.9855
67.1753
75.6665
64.3038
64.8204
82.6547
80.9333
51.6427
81.5061
85.8102
66.8734
83.2763
63.6097
68.9841
67.8483
70.6269
72.8802
74.2937
70.3576
70.8257
69.9961
73.7581
82.5127
69.0287
62.0359
82.0159
72.4139
56.0652
65.1674
65.4637
59.8956
70.883
62.4787
67.7534
54.8996
70.219
79.1748
69.4113
67.1873
75.2702
84.1236
86.7297
61.4234
74.7336
71.4787
71.6008
83.0292
67.1649
75.9681
79.2773
65.1514
80.9916
65.6087
79.9323
69.6454
64.4682
59.4128
85.802
72.7562
65.9666
84.3603
63.5387
94.7226
75.113
64.1452
75.5495
77.002
70.8605
69.2667
70.1698
55.8068
80.7217
59.7506
74.5342
73.8274
81.6937
75.379
81.518
77.9287
67.2303
80.1305
66.9221
73.1753
60.5839
85.3048
91.3293
74.1694
72.9508
69.2647
76.8887
80.3501
71.031
76.7341
54.9021
69.6949
58.0479
65.2833
56.3041
71.2531
78.4197
82.4274
74.1381
65.634
65.3479
85.6746
77.9425
81.985
83.9126
61.525
70.1103
81.8946
92.5738
79.5611
76.2447
83.985
80.7531
72.8551
63.6639
64.011
70.1482
73.7915
80.6311
71.32
72.6669
78.9138
64.2289
59.9199
73.4265
63.9683
74.2427
74.897
64.2766
85.5891
77.1937
62.7608
88.3311
67.6327
71.1308
71.8772
73.6768
65.9658
76.8337
77.4078
64.5868
70.7365
75.5266
72.0391
65.6602
77.1347
71.2926
65.9996
62.1469
74.338
67.8182
61.7234
81.811
75.0757
73.6642
67.1407
57.4739
74.5953
73.0463
79.8977
85.0911
83.1128
57.7432
83.9802
65.3293
63.5842
77.3025
64.1513
76.788
65.3129
62.3042
72.7973
74.8414
70.7285
75.8981
69.6507
60.8214
105.499
61.1325
66.6189
50.1581
72.3566
86.9084
75.1942
60.5462
83.4589
69.5282
76.7465
61.9103
72.9607
73.8591
70.8848
67.294
61.1674
76.0296
59.4052
53.8528
80.9875
66.4888
69.7754
68.9864
83.3241
60.0765
59.7582
57.1638
58.992
66.1489
67.1025
74.3783
68.2856
53.3378
71.6925
68.0819
69.301
80.6517
70.1588
76.1755
69.9172
64.9928
75.9369
79.0125
64.6956
80.5355
55.1674
83.66
76.7181
93.7416
88.7509
72.4386
78.7731
88.4835
65.7064
64.6764
79.7777
63.8086
71.3689
81.9348
84.5043
58.395
79.9848
70.3731
84.1466
69.5796
72.9332
66.8176
77.3238
78.8689
81.6692
66.3188
67.3874
86.0298
59.9451
62.2267
70.4568
60.3273
68.4828
66.2913
79.9104
80.5795
75.5323
73.8063
80.5501
69.3129
71.026
67.6331
67.9522
80.9827
70.7776
68.3319
80.6323
74.2109
66.9126
78.0193
58.7504
72.0726
73.6513
72.3525
76.2863
80.188
87.7802
67.156
63.82
76.8639
72.6894
55.6253
66.3026
60.0887
73.6792
68.1402
69.7971
66.6216
77.7775
70.7587
66.7407
70.0641
65.6071
72.7955
80.7739
84.8091
78.3187
59.054
68.4529
61.4421
77.2423
76.7105
65.4684
86.3325
69.4496
65.3305
76.3905
67.654
76.124
59.9348
65.6622
61.8204
78.9775
82.1112
74.9468
83.7349
56.4375
76.264
82.5272
67.8195
68.6598
65.2651
67.0053
63.0807
83.974
69.5035
60.1833
70.297
63.6276
76.0715
59.2135
69.359
69.4737
69.7832
81.6665
77.2638
73.5251
69.4261
62.9871
92.7642
66.0409
91.3342
54.4084
84.0419
66.6351
87.0454
73.6333
69.3036
83.6366
73.0991
77.9363
73.4842
77.0316
62.961
76.5154
74.3339
75.5649
65.77
82.2392
54.5483
66.7263
77.1213
77.6957
82.6828
57.0918
67.6524
70.6721
83.0055
55.8181
68.6413
64.0368
53.11
73.8856
52.5768
63.0293
69.6895
66.6996
82.3528
60.8238
69.8434
77.5123
82.804
72.5267
85.373
76.5794
76.3291
82.7558
66.2265
73.0015
67.9997
74.6163
68.0153
63.981
73.3856
77.1914
86.2065
90.1026
71.7813
68.8051
66.25
52.8266
88.5911
65.1197
76.2209
81.1792
74.9522
75.7299
82.8042
72.4526
60.1656
69.0139
57.9196
75.8609
71.7065
59.1116
83.0915
64.0075
75.9228
74.4889
69.2193
58.7353
67.2518
71.9606
62.353
69.9736
71.8022
56.98
77.033
80.3503
70.0003
82.761
68.1698
57.799
54.7672
78.5411
91.0576
76.0343
63.292
68.5709
62.784
68.7153
73.4864
70.0854
67.5856
58.8209
66.8179
65.9169
63.5566
74.3703
66.4515
81.6087
85.0186
68.0876
81.265
72.5548
54.6774
77.1942
61.6852
96.8031
85.7851
73.3017
69.4276
58.2274
76.364
51.3667
65.4224
82.6623
82.9563
74.7086
77.7605
89.0416
64.3254
64.4534
75.1777
78.8575
77.2322
73.3217
66.1806
66.4108
60.985
70.5932
83.9344
68.2579
61.8978
73.6243
68.1233
80.9218
52.7083
57.0675
90.6324
78.8408
79.6586
83.2271
68.0735
90.9484
65.976
72.4684
78.0766
67.3875
77.9442
78.1127
80.4925
82.3217
73.1407
76.4132
60.5304
79.1244
54.723
79.4526
77.9928
76.4233
66.054
79.0579
74.6382
56.5403
71.3084
77.2894
64.9979
70.2987
82.1058
71.6655
72.5324
65.3617
67.11
62.6661
65.4378
58.4126
66.2921
81.0513
63.344
77.6588
77.3223
53.2895
76.1676
69.9802
62.4999
79.6892
61.3595
69.948
69.6361
77.8273
70.4858
75.6346
65.3338
82.4662
70.5038
71.0161
66.447
67.1967
74.0696
90.9161
72.1917
71.8557
65.0467
71.6484
50.3667
60.259
77.8986
81.1439
72.4097
65.832
75.1935
69.5306
75.5115
53.4909
77.0235
79.3181
63.861
71.0412
66.3699
76.0776
59.6995
66.9176
68.3031
63.1191
67.7499
85.9731
64.1822
73.9608
77.5695
66.8406
76.53
81.412
65.0637
70.3363
69.6628
64.8633
77.2807
76.2224
76.1134
74.6167
69.4479
60.4814
70.5426
77.2192
85.0161
68.3267
83.2069
78.2622
80.0309
57.0397
70.7993
68.024
83.8768
69.8071
75.7768
79.8679
65.6738
77.6857
62.08
68.3557
66.9199
59.273
80.9359
62.7174
75.8749
66.042
66.2465
74.6004
68.3812
71.8671
72.2721
75.6539
71.1465
67.9761
70.7806
83.9921
70.1284
73.508
75.6154
85.1731
85.1125
57.9062
76.6801
67.1243
72.0325
66.943
77.9585
65.8169
70.4075
68.2889
56.1694
64.8021
82.0951
72.0829
81.0139
61.998
67.4845
62.8739
85.9667
83.2769
61.2813
62.7213
56.6665
78.2691
67.4906
75.5738
78.4904
85.5137
52.9328
74.8775
61.6395
68.4317
91.0972
66.567
90.9729
79.4387
104.197
73.6604
65.904
89.2418
74.4033
54.0874
79.4379
57.0186
63.4139
83.7346
84.1064
73.1817
66.6432
64.1164
64.0688
63.8369
76.1392
65.3337
83.512
67.3094
79.4647
77.9186
73.3858
76.9722
85.0223
67.6914
82.9072
78.1433
73.1632
62.4653
85.7936
62.5247
79.3912
73.3034
69.8153
60.5347
86.8191
64.532
67.7051
57.2798
63.5907
78.7538
69.0107
89.9621
77.1433
73.6182
71.299
65.5195
73.3194
87.1551
78.3937
61.86
69.7778
85.2321
67.4715
69.3271
66.7484
87.3945
72.421
72.674
73.187
78.7252
79.6951
56.4297
75.9172
80.1854
61.8766
68.9007
81.4044
64.2197
76.6674
75.2614
84.6239
67.5826
88.8333
65.3595
63.1912
76.4451
68.4724
78.6459
60.6583
70.9343
78.1983
87.1014
82.4262
67.4742
68.068
75.0219
63.3669
64.2642
88.7548
72.5189
77.8935
70.0313
76.2498
69.0952
64.7865
79.8154
72.1369
69.7122
72.8808
74.9545
68.9099
70.6257
83.4424
62.622
75.8201
67.8023
65.4639
73.3808
91.2368
90.1363
72.8825
87.9226
74.2514
83.3713
84.7407
61.9118
79.1055
65.3369
74.6907
77.1347
89.5957
59.7085
77.8959
80.3054
70.6506
71.0822
65.9074
70.8372
89.395
81.717
75.4111
72.6416
71.9297
68.1332
75.3501
78.2308
76.3748
64.1136
82.4522
70.5335
79.7261
82.452
60.9805
75.1769
69.2763
63.3831
76.806
73.3757
65.287
62.3982
65.814
83.6193
59.3383
71.7802
54.43
74.5811
86.2653
73.7519
53.1149
70.0918
69.1959
71.2116
63.7282
64.1162
73.2701
68.7662
68.1352
65.7948
70.7935
82.5274
68.0151
77.1462
66.07
84.0695
68.2814
88.1046
77.6899
81.5224
73.8437
71.3109
57.2295
73.1323
71.1262
59.8032
68.3769
76.7834
66.6146
76.7672
69.3889
64.3921
86.2177
68.2381
66.3173
56.0404
78.8721
58.1606
83.9317
72.4726
51.6788
52.9834
61.1548
68.6787
66.8368
65.0794
77.2042
74.275
69.9028
61.2469
78.3697
95.2229
95.852
65.0863
82.1689
73.7393
65.8427
83.047
68.6267
74.4286
71.3355
58.6703
69.1181
84.0563
63.8907
63.2328
55.5129
61.9579
72.0295
64.2904
66.2421
82.9849
79.6302
75.6452
86.6397
60.7554
62.5426
60.5004
75.4293
69.0132
55.4311
82.346
62.7434
87.3025
77.3232
79.0435
72.9025
74.8983
78.659
59.3516
85.4141
71.9905
60.1685
56.6131
68.9092
69.8295
80.0509
59.0429
81.4348
67.2705
70.1048
60.3212
78.1117
74.4004
75.8165
64.7297
81.8573
66.5453
69.7948
72.3701
73.6721
68.561
80.5142
75.6701
81.3021
63.9793
59.8531
76.3274
80.8823
84.5755
56.8903
57.7708
79.1364
58.926
64.6944
75.0945
73.5029
70.8896
79.356
72.5183
71.3957
76.5835
54.9936
83.3687
81.6491
77.6419
73.7557
89.0274
89.5917
55.0238
68.4432
80.7676
73.9246
67.9064
75.3887
75.3981
70.3056
68.4639
62.9673
70.9293
68.6479
63.7151
91.3963
53.7056
66.262
88.5548
64.28
75.4174
65.0369
75.3142
77.9577
63.9937
65.1015
63.1491
74.7118
67.3164
85.3315
59.1832
91.8806
72.5075
77.2494
90.5474
78.3574
80.2928
68.725
69.8655
62.4632
61.2547
69.0511
77.4909
75.012
76.9768
63.9517
78.8866
63.3765
64.9796
74.8907
72.6463
58.4477
69.9595
62.2708
70.9083
63.5564
57.4587
68.4811
75.6416
67.3397
83.8649
63.2603
70.5012
56.2515
75.21
76.0635
63.3591
61.4184
79.5259
79.8386
83.7833
75.7171
81.3638
60.7979
75.3397
69.5615
58.869
77.0395
70.3799
74.5155
86.5615
60.2936
67.2435
81.495
71.5485
76.928
70.6263
76.704
78.298
85.9932
58.7489
71.6132
65.2573
59.1049
79.4129
70.4346
73.5058
83.5424
72.0371
77.4815
87.7228
77.3427
82.1432
90.1939
55.6884
75.4186
64.8294
63.1695
69.9258
78.7015
90.6445
54.134
73.264
63.5493
73.9851
64.4604
65.4255
96.9477
76.4893
70.6941
75.0431
74.9684
79.894
75.3155
65.3052
68.2771
75.1862
74.6623
61.9177
73.053
77.9678
89.7387
67.4788
83.4507
73.4979
69.7239
85.7919
66.7692
81.0166
69.8371
66.4317
72.4983
64.5839
76.9692
77.3153
76.1694
62.5891
80.7416
63.1105
73.3376
65.9429
67.0089
71.9221
60.0368
82.6205
69.0663
57.2249
86.8274
76.3678
73.1688
89.2285
84.8544
73.5055
79.1232
90.5216
76.6151
74.2069
63.8284
76.3291
64.7945
85.2293
54.1527
62.8264
68.4934
63.072
72.9469
72.9769
73.2693
65.4163
72.9247
67.5939
55.1016
76.2387
87.8337
65.4316
74.0532
64.2191
75.9358
75.0088
76.0118
64.3631
60.356
78.7079
75.1596
59.5334
67.6311
85.8694
66.1507
70.9253
81.4265
65.8115
77.0512
70.5267
75.3781
73.9627
78.8815
72.4776
65.6035
75.5185
59.2566
76.2215
62.6561
57.6117
74.4987
65.6601
70.9799
67.2694
61.94
65.9481
70.214
74.682
69.7843
71.0487
81.9084
79.8524
64.1811
75.347
79.8723
71.7874
59.5576
88.8595
67.7393
76.286
70.5559
94.1904
79.6207
67.1517
78.6097
85.2125
62.7758
69.5431
75.1539
82.5133
73.8265
69.8338
72.0484
68.3457
59.3583
71.5889
72.2946
62.8093
72.5363
79.6482
56.6829
54.7388
82.5387
73.4723
64.6366
71.3416
64.1779
77.4591
73.1056
85.4365
69.1314
74.264
70.2546
84.8386
78.2435
72.037
66.7998
81.795
72.3437
96.3997
59.9312
68.3687
57.4366
73.918
71.9474
68.5137
65.0126
69.2496
69.6318
80.4485
70.2918
68.6741
82.6992
74.0106
73.3102
68.4823
62.3952
63.4813
77.8078
83.5617
62.3288
76.4229
63.6855
48.0616
74.2534
84.9196
95.8402
87.9816
73.1072
59.4594
75.3334
74.7398
67.7288
73.5522
71.6094
69.5979
67.081
65.283
58.249
69.8954
75.7679
67.9906
65.2288
70.8818
57.9476
70.279
55.4876
81.45
81.082
70.3381
58.0387
83.2537
73.0863
56.552
79.4193
63.7308
52.4882
83.9111
78.1034
76.9415
71.0019
72.5926
65.7016
73.7273
66.3805
78.8097
60.375
72.941
67.3818
73.4903
56.3316
76.6323
74.6901
60.9983
63.7272
58.4539
71.0536
87.356
67.7491
68.0505
64.8616
71.2694
74.6992
66.4653
64.3274
76.1512
70.1149
68.6281
74.5828
88.3946
66.4876
75.51
68.9969
62.1026
63.086
72.0692
71.3543
76.0073
71.0818
79.0537
76.8562
64.9738
63.1708
84.7787
82.3813
78.52
74.5834
78.4844
62.2086
75.0785
76.7544
69.8626
83.4154
66.3055
81.1205
78.5339
59.4221
92.3264
63.392
86.8825
81.939
73.302
81.4151
52.3221
83.271
61.4367
86.8122
70.3328
73.3981
68.4414
68.1982
84.0904
61.1645
71.6759
66.9423
67.1807
70.929
73.7578
64.4757
87.9616
89.1049
71.7907
67.6773
69.7144
76.8368
61.9982
88.5528
70.4892
94.6816
66.0667
61.1385
61.381
82.7563
80.2623
71.5938
91.0239
82.8445
58.2707
69.3393
75.337
62.3595
76.3642
74.7054
62.6923
66.6882
76.0237
65.1019
75.2159
67.5649
58.0144
69.9434
68.4228
77.7417
68.9518
58.7245
67.7015
70.263
62.6433
76.9857
80.8558
64.1405
93.118
59.8693
80.0493
71.1697
75.2634
73.4138
71.1671
80.2589
66.6299
62.4054
65.5207
72.2688
71.2751
87.1328
91.9387
52.9508
63.6776
60.2838
82.6782
77.3164
68.8136
67.1766
69.0219
68.3575
72.3736
60.3419
78.66
62.3199
61.5149
71.2669
73.2112
61.2494
75.0173
60.7654
78.231
70.3326
73.5015
70.0187
71.042
67.5664
74.5732
87.0203
75.4776
65.4037
75.3704
62.3165
80.5074
68.5528
74.5471
66.3403
56.1191
55.727
83.974
75.1977
88.6488
82.2443
73.7728
83.5581
65.981
67.2407
63.7617
67.2149
68.8602
71.0479
74.6398
70.9813
64.5644
64.6357
71.1759
72.6802
76.3626
65.5137
85.1277
65.915
77.892
74.6335
72.8497
71.4137
66.7065
69.2846
75.3249
60.2054
66.091
67.6078
63.2982
80.8958
82.791
63.2167
80.7018
76.5459
75.3035
78.933
69.3719
70.5433
103.564
85.3021
56.9606
75.422
60.205
80.3631
59.4998
81.8577
69.9281
65.9553
79.7151
63.146
81.6067
73.7111
67.961
67.483
78.7901
81.7271
77.8764
63.4867
65.216
63.6202
67.135
81.8502
71.0617
78.2428
75.4312
80.8279
72.835
71.2329
77.5734
82.0052
80.5397
74.1536
76.6981
65.0166
78.2786
74.1941
73.0754
54.9429
65.5119
62.4899
63.7745
95.8982
83.6549
85.893
62.7312
63.3972
58.8747
66.956
86.0946
77.1671
72.9535
64.9721
80.1366
71.0831
88.0211
85.9869
64.4402
82.9577
69.3903
96.062
61.3648
80.9332
64.893
73.1706
80.5956
79.7679
73.9245
66.2708
62.9912
70.111
62.0936
60.0559
69.7048
62.1129
68.7967
58.529
78.8163
71.5155
59.1252
73.005
75.3123
53.8038
66.8253
77.6278
69.9127
90.2857
67.735
75.9752
70.6735
82.888
65.9854
71.952
65.9448
67.3155
72.6337
55.3193
96.8275
74.3022
84.8051
78.3032
69.9293
61.2737
80.6472
67.5979
64.7144
75.0187
97.1419
75.3194
74.0242
73.6627
59.6317
81.0069
84.5293
55.7568
59.8341
58.1638
53.7547
84.8904
81.1547
55.2364
69.0355
73.36
77.7266
80.1801
76.5325
82.5558
73.2916
72.2168
74.3537
72.1823
79.3812
85.1835
81.2996
81.7664
62.1159
67.8764
90.9756
87.9258
63.0884
69.2488
86.6764
79.5643
80.0465
63.7278
59.6545
62.113
67.8003
77.8659
92.2502
77.5211
72.268
67.4895
78.0126
88.5033
67.2114
65.9732
78.3987
63.1249
63.7057
84.159
59.45
62.5997
74.943
55.1615
82.8501
74.5761
75.6121
74.4306
70.8788
58.5405
66.3511
64.1876
71.7598
68.287
78.4608
86.6497
95.4025
95.0433
66.1503
68.9682
69.4798
69.9007
89.351
69.6122
64.8303
58.5477
74.8679
73.4045
75.9219
63.538
75.0031
64.8777
54.2816
69.9588
76.4356
64.6928
68.4424
77.6617
71.7313
89.6507
42.0221
76.3823
77.5743
77.4651
58.5795
86.145
97.9409
75.7113
72.2088
77.2132
69.0955
70.5499
68.9975
53.115
56.5465
79.7601
79.5775
81.4212
56.1508
61.0478
72.6035
74.5066
69.3178
77.7884
80.78
72.148
79.4254
73.6879
74.7741
60.1175
58.9057
73.8676
65.0784
66.4687
88.3739
81.1651
71.1315
69.622
71.7268
81.8228
62.7228
70.9877
75.0274
83.6808
72.7171
59.0072
65.973
71.0956
70.3367
65.7597
75.3366
73.6399
85.0844
58.2211
83.2302
75.084
91.3878
64.9405
97.264
75.3266
68.4664
80.8145
88.9954
75.9345
84.4138
74.882
79.1838
69.9535
70.2516
77.1229
64.3005
80.1731
57.8056
65.0244
88.9891
73.9498
64.8287
76.8317
69.6584
58.0581
57.3181
84.4832
65.9092
65.4453
62.3025
61.3555
84.4004
70.1642
77.8954
79.431
89.2482
87.5707
77.8761
63.0767
77.7987
64.5077
78.0824
62.3469
63.7329
80.1747
69.0459
66.0435
76.7003
77.6576
69.5871
65.0685
74.1721
78.6818
61.8734
75.7493
75.7955
78.4871
71.2339
63.1714
71.9535
56.4012
75.2615
75.2127
59.625
78.2455
87.2767
73.2552
71.9078
70.5344
76.4731
71.4649
71.093
71.8854
67.7469
80.6917
65.313
87.1429
73.2704
90.7065
66.3562
58.8022
68.829
78.3823
71.0797
50.2541
98.4415
61.1941
50.0846
87.4462
65.5914
62.2112
75.4488
55.9586
63.9508
74.5878
76.9298
79.5166
75.0455
79.2068
69.5948
77.6954
89.2295
79.8869
77.5221
72.6497
55.6882
65.3417
81.5871
73.5355
76.8467
75.3987
71.9223
67.1742
63.8877
80.0274
67.2153
69.3495
76.9959
75.7206
59.5792
71.5121
89.495
86.0452
67.7023
76.8785
78.3268
61.6906
90.9964
70.5365
73.0353
73.3684
74.2337
70.2873
62.8256
54.774
99.7736
76.7287
76.2758
92.7542
56.4872
86.7793
84.7431
68.2364
73.6129
74.8218
66.723
83.6089
74.3778
69.8196
72.3444
62.0071
84.0691
68.5545
84.2884
66.5247
70.9349
58.2269
60.4877
57.1705
89.4369
81.735
76.9803
72.2349
82.0603
64.0887
67.9298
64.9713
70.0607
72.6065
66.0643
78.1249
75.2061
74.109
92.5774
62.843
58.17
75.3032
78.03
64.6122
66.4613
74.6951
67.5808
70.3287
81.9634
72.9646
76.1047
61.2659
77.3779
69.5069
77.7891
74.228
75.1523
66.6172
66.0818
64.15
77.407
84.4254
53.6815
83.8987
62.2336
52.478
59.0649
72.4707
61.9746
71.6773
77.7033
74.2182
87.5713
78.3412
72.3686
57.4521
69.5954
65.9576
68.3319
82.7375
63.9589
52.7711
79.1611
76.2457
74.1694
72.6861
75.225
78.6761
66.0748
76.1934
75.7069
70.5776
73.0407
91.9621
77.7265
69.9689
73.9451
84.2391
69.8051
70.399
58.7696
65.288
62.6374
63.1273
69.2699
62.2706
74.2571
60.042
65.7686
81.7544
76.4426
52.2414
78.2813
66.819
66.5187
63.9262
69.4749
75.4737
61.2232
65.9834
81.4248
67.4766
57.3815
64.0402
82.2813
64.1092
69.3204
83.4674
74.1634
74.9848
61.461
81.6153
72.1353
65.2443
75.5036
70.066
68.8946
75.8296
81.2312
57.6737
61.6316
71.1958
67.2922
68.5919
70.4505
57.7025
76.9594
61.2779
63.0429
70.2354
78.7515
73.5323
81.6478
66.1199
69.4826
70.5269
73.8181
80.2113
83.5002
68.2226
65.3547
82.695
74.6078
64.1055
74.2549
79.6666
74.4137
68.1743
61.7469
70.0858
85.6317
70.8974
79.9364
70.8457
80.1428
69.2336
57.2216
77.0456
78.0004
85.0272
69.2477
70.3321
77.0286
79.5533
76.3619
67.0583
69.9956
77.1932
63.6713
82.9338
74.5979
78.0551
91.399
58.8539
54.0364
56.3893
70.8221
73.616
77.7897
83.3664
77.2815
80.5591
68.5125
72.0697
81.9277
79.9148
69.9111
67.86
75.0289
67.5912
81.4872
63.0247
69.4452
66.4648
63.8323
73.815
79.8989
71.6843
78.3241
66.7578
79.1251
75.8326
76.2532
72.3164
73.3306
69.835
82.0738
72.2275
69.4852
62.6679
73.4748
69.0562
74.569
61.9636
80.7737
70.6615
60.275
62.478
70.4375
78.5569
61.1912
69.5726
63.6947
89.9825
57.1139
82.421
66.9588
60.9115
76.527
90.9557
66.2292
69.1673
64.527
66.3445
79.4904
63.3934
51.1887
56.989
60.4101
70.7086
79.2025
71.498
71.9134
77.607
71.1511
66.0645
57.9493
72.0134
51.8038
63.7776
65.2715
73.0906
63.4802
69.9614
74.7187
61.3259
75.8372
72.8797
65.4473
79.8158
82.036
100.302
71.8289
76.0207
67.4505
72.4479
74.0257
82.2016
68.613
72.1052
93.786
77.9859
65.9174
66.2895
65.9193
78.1245
67.7723
78.5969
69.9589
75.1535
59.2236
69.741
70.4169
82.7784
70.1016
61.8205
69.4381
86.678
73.2956
54.7696
79.6954
81.0628
85.0095
75.0798
87.1246
69.1272
70.7317
88.0995
81.6272
76.4929
87.6309
76.894
67.9251
62.6806
64.6489
71.5228
82.5232
69.7703
71.1758
78.7847
87.298
55.4883
76.8023
66.3733
78.057
65.4846
86.5291
75.6808
75.1862
76.1374
59.2963
60.1242
60.3962
68.7717
72.806
74.1922
59.8795
66.7591
67.8004
67.1245
61.4148
70.1707
83.6848
74.6747
66.9872
65.9926
73.2189
71.9475
65.5208
74.8369
64.6091
58.088
65.339
68.5272
85.6144
70.8907
69.9113
66.5305
69.9366
61.5645
67.5454
62.0386
83.1416
66.7059
81.1566
62.9139
74.9704
75.5959
77.0396
74.4665
77.8228
82.5615
65.8945
68.1726
70.506
68.715
68.974
63.5669
69.1963
79.5873
65.6384
81.6761
77.829
61.2146
83.9727
85.9883
60.3658
58.5618
64.4442
60.5821
82.9336
64.0405
66.393
76.3474
65.5167
72.2644
61.5872
64.862
74.4203
82.7946
58.0737
68.8747
61.7384
66.5566
68.6368
65.5085
76.248
80.9759
72.5051
71.8074
77.075
66.1408
73.0857
70.8052
63.8067
72.5125
51.4618
67.008
73.0353
73.8192
93.9931
64.6628
63.6038
81.6668
60.9973
54.3694
85.6118
65.0531
72.7357
69.0572
71.5761
73.7025
69.5715
52.3087
71.9414
72.1536
69.3815
72.8935
76.8199
69.4026
77.3067
59.7358
92.622
83.7095
84.4622
73.5515
71.5294
77.7179
82.6564
72.1113
59.6295
74.5366
67.5723
83.9046
62.4321
78.3319
65.7887
69.0958
65.922
59.8095
68.7826
79.8742
73.6645
58.9973
75.3151
65.4248
75.9913
80.2058
57.2331
82.0562
90.6356
72.1252
87.5094
83.1003
72.808
69.5818
74.1999
60.0818
56.231
74.1228
71.4354
59.8323
77.2786
63.3059
60.9202
67.6087
68.5897
65.5629
81.6602
82.0537
67.2294
65.4741
81.3656
69.4962
66.6958
77.6895
72.4538
69.454
70.1229
72.585
71.3018
79.8912
76.5493
76.365
81.6707
74.7555
65.5958
69.6932
60.442
65.223
67.846
55.7568
74.2663
73.4023
69.2857
74.6309
74.7244
82.8179
85.4002
72.883
89.8102
78.6892
65.4375
68.1203
56.3218
61.6971
70.3615
52.2278
75.5649
59.7711
57.115
67.4916
73.0994
62.9865
71.0748
73.3475
88.2389
71.4312
57.1894
73.2764
63.249
69.0899
59.8888
60.0111
65.891
77.5306
74.7453
78.5638
57.2107
76.2706
77.6527
71.3418
56.4593
79.6045
59.7218
74.9727
72.8748
54.6914
85.6685
83.7002
78.3354
83.2621
69.6591
63.6755
75.3085
86.7383
64.7402
63.149
76.4268
56.8206
63.5813
71.0849
77.0931
70.1558
72.1628
79.6585
80.4979
61.9261
60.7692
96.8356
76.8058
77.8964
86.8664
84.1292
68.0183
71.0413
71.1269
87.2501
67.6622
62.2193
69.0264
66.8774
83.7571
78.7744
81.0869
69.3538
73.6904
83.3614
85.8552
69.5855
78.1641
74.2105
81.2944
79.1221
74.0216
85.7303
72.5925
53.1739
77.6169
83.4333
74.606
67.539
72.6937
81.4586
73.9921
71.792
68.7457
78.2909
71.5495
78.8581
72.815
78.3351
55.5468
82.0791
54.4298
73.8354
60.2992
83.9768
76.8064
66.4858
78.6533
79.3736
62.3403
73.8351
76.4906
72.2927
66.2634
79.0514
85.2352
74.9565
70.6563
77.0254
81.9982
59.2253
64.9211
58.8965
75.6707
57.7946
61.0344
75.2666
94.6795
92.5455
78.6145
67.5377
53.3258
81.6369
84.478
63.7147
77.8031
84.0343
71.5718
81.3141
66.0315
75.7488
69.5687
58.205
77.5439
67.4475
67.286
61.4002
65.9274
79.7385
50.0098
63.4503
85.0719
63.6627
83.9093
69.018
85.0174
70.4194
65.4128
52.7888
86.7673
85.8045
71.7759
84.5063
61.913
75.322
66.834
63.3606
58.4335
82.0279
62.8179
70.1516
63.1381
61.179
72.3961
73.0005
68.5617
73.0181
90.0458
69.7604
88.4164
66.9272
64.6783
60.8469
62.1089
67.8236
83.5867
85.9158
63.0308
66.1732
78.3898
79.5939
74.5516
68.9202
62.5275
72.0823
65.5361
68.9356
75.8565
77.8401
59.7134
87.8336
79.0768
74.1061
71.0335
65.3419
65.8789
60.009
77.8942
82.3238
71.682
75.3692
69.1121
81.213
77.4404
73.2472
66.4832
60.7029
83.072
59.3682
79.3547
81.6896
75.4559
61.9991
73.8973
75.9777
75.0829
74.2826
85.2104
79.8604
76.2745
88.6652
72.6028
90.2308
73.3512
73.2786
74.8132
80.5418
56.6596
94.3234
80.0777
63.7664
76.0158
73.3425
65.9618
66.4656
77.9973
68.5219
72.2756
64.3208
78.533
83.4657
75.6243
66.9757
56.7977
67.4774
77.5026
56.9878
64.4518
64.5135
70.6807
71.9513
72.1567
72.1509
68.574
79.2573
76.7007
75.3066
70.6312
71.5066
53.9619
67.1136
59.8018
69.6368
61.4093
46.788
57.3415
82.4398
72.2395
70.9742
89.7884
56.3721
73.0846
75.8523
66.9818
83.254
63.8721
66.2359
73.7033
78.0657
71.6195
74.9073
75.8746
80.4215
83.7032
85.1766
59.1056
81.5136
68.816
68.2219
71.9825
68.3481
74.6922
77.7313
75.6577
81.0476
62.2017
59.3905
86.4186
68.3718
67.9916
70.0295
79.0045
89.217
60.9468
66.162
66.5229
73.8533
74.4754
64.5469
84.4726
79.9371
61.1317
71.1831
68.258
69.1675
75.26
75.595
66.4407
79.9627
60.6954
69.3779
69.2027
66.0129
73.6459
76.2169
54.4853
75.0771
62.5081
75.6376
76.9076
51.1158
74.1768
64.1861
68.8183
70.5911
80.9557
85.8624
57.4753
79.699
69.7585
78.7872
82.3734
90.5682
64.2797
76.3142
75.1635
74.3252
63.3415
88.1028
86.3427
73.1226
62.2382
71.194
59.2687
95.1075
61.2452
71.1293
81.3711
87.1597
91.9375
65.4078
67.5713
73.938
59.5823
74.2856
68.3295
59.9567
75.4606
72.5104
80.2395
59.8734
96.0375
64.5306
75.5048
64.8397
57.0551
67.8242
80.8711
61.8644
63.0527
78.9899
67.2254
66.5115
64.6101
77.3149
80.645
60.6668
73.5087
67.8535
79.3047
63.0517
63.9966
58.9055
65.0452
74.0454
73.2775
94.8756
79.2942
62.2231
83.5138
67.69
83.9883
76.329
62.1069
68.7726
64.7131
82.1458
67.8347
66.4434
63.2963
73.8354
69.2536
75.1727
75.4042
53.1375
63.7917
52.3117
96.0541
62.6348
69.3241
85.6356
63.6664
76.4834
64.8929
74.5997
61.8956
67.5022
72.4924
70.0634
57.021
67.7415
69.8007
77.6969
60.6474
90.246
79.3693
86.3178
86.6807
63.1358
87.5359
65.2523
80.1727
67.1506
76.0808
69.9792
64.73
85.2052
82.4053
59.3547
65.6631
54.3632
61.9304
75.7487
70.0012
69.8249
59.9749
66.1492
76.365
70.6897
74.1435
64.9121
72.377
62.1796
73.8572
59.7173
68.3499
65.8572
67.3255
76.9054
67.159
65.2931
75.6408
65.0397
77.5197
81.1288
58.4007
67.9964
55.5908
80.7619
77.3849
69.6521
66.7562
70.5823
73.2409
75.5777
68.1346
78.9345
77.815
74.6448
73.8524
64.2208
75.8
91.1821
74.2831
81.4461
65.5871
85.4104
64.429
80.8672
57.7143
76.1451
68.3498
57.6819
61.0649
82.2611
60.8819
71.3726
60.153
64.981
72.3114
62.5763
74.4195
71.5963
79.6698
85.7504
63.6326
71.9383
103.395
61.6755
59.3117
60.8205
75.758
63.5534
68.2985
81.7838
59.1621
64.5738
85.5178
66.5215
64.9512
73.1834
66.374
72.2728
67.8582
64.0581
78.8041
54.4522
69.9866
69.6312
63.7808
67.7065
65.0691
68.0622
79.9057
81.2154
66.2065
80.0465
54.3038
88.3135
77.7879
76.5374
62.6978
60.1915
82.9222
76.8793
87.64
75.9554
61.4268
73.973
82.8164
82.5763
71.3189
72.5186
73.682
74.5081
73.847
62.1352
73.657
60.8328
77.0432
50.5254
64.8399
72.2867
70.1286
88.5645
66.7457
76.5736
55.8584
69.1025
89.9856
64.7065
71.917
80.4955
69.6712
72.4142
61.8179
76.3359
65.161
76.3056
74.7877
63.4788
62.7692
81.0687
61.9729
79.3409
77.3788
58.9917
69.1505
71.4306
61.1699
81.1777
80.3014
69.8078
67.143
74.3839
80.2045
54.1023
81.958
76.6274
69.6486
76.5722
70.0571
80.8644
77.8091
90.2808
65.4899
90.3109
67.8292
69.0309
82.6696
86.201
59.0451
67.6575
65.0227
66.9659
68.708
71.5266
70.0731
80.1128
73.0679
72.6161
72.5774
81.1624
74.7481
73.2682
70.9141
82.5687
68.5157
69.1235
66.828
77.0821
65.5284
59.2091
85.4914
94.4119
70.5506
70.9654
73.0829
72.7938
72.8827
62.4923
76.4238
68.6807
57.3193
70.0525
62.7905
72.0386
83.5334
80.4207
67.5688
70.745
67.8932
60.1894
60.7153
73.8623
69.846
71.3824
72.8997
66.5737
69.2872
81.6736
65.8835
61.3314
61.665
67.148
83.6649
59.5403
68.0666
71.6718
70.2697
73.8323
73.6299
70.0926
66.9455
76.405
58.6217
82.6906
66.8724
71.1222
68.4711
80.2628
73.3868
81.9139
65.7473
77.7702
79.8385
67.9565
83.6451
61.5298
76.7293
70.2306
59.5243
76.7271
75.7619
78.7825
62.6202
72.5577
71.0013
70.5017
68.001
89.2013
74.4988
71.9283
74.1325
68.1042
73.4997
73.6114
69.0981
65.6032
53.3611
69.7886
70.079
76.753
58.6981
89.8483
66.4868
68.2993
67.3543
89.2046
71.7086
64.2396
82.05
81.218
82.1128
76.7103
55.4613
82.4083
77.0029
64.8262
80.8202
55.4322
75.0225
67.3083
86.7743
71.1897
68.8676
69.5902
57.4086
65.8606
100.308
68.9852
69.3894
78.2831
68.2848
58.5496
86.139
78.8415
71.3012
74.2467
80.6273
70.3959
66.1691
69.5299
62.9781
82.1583
91.2297
77.1539
67.4605
70.9378
83.1536
81.0432
69.8443
69.0778
55.4008
83.3314
78.9767
73.1359
91.9218
77.6816
61.6105
87.7454
57.3906
66.5877
72.9444
60.9634
88.0356
68.7154
59.409
65.4607
67.1744
72.3882
62.1536
83.3102
70.5694
74.3762
60.9244
67.8126
65.3311
81.9892
89.8704
56.9837
63.2969
78.5434
73.3055
75.5469
67.8154
82.6298
83.6009
69.0665
87.6183
74.0724
80.7522
66.0511
74.3392
58.4177
70.5081
56.1324
60.9422
69.0601
59.7769
69.9698
69.4482
65.5033
68.0218
71.5846
78.661
75.4604
60.5914
79.1124
73.4039
73.8012
73.4119
68.059
58.8774
53.2863
64.4148
70.4137
70.2066
73.3982
66.4528
69.1193
63.3437
68.1146
62.7528
66.615
77.7805
57.4724
73.1861
82.9517
65.8831
86.3312
62.9311
77.8215
84.5366
71.4701
66.7862
74.8081
74.3883
60.5904
65.7919
68.7509
66.0489
100.468
71.6116
67.7846
62.2588
72.2848
76.0268
72.3908
64.8811
85.2012
64.3432
64.0847
55.3564
63.0622
70.1694
62.8694
80.4595
82.3927
74.0598
78.2824
69.8384
70.099
89.1012
60.1609
72.3091
59.3867
60.2979
68.882
79.8671
57.5642
74.0245
78.8872
61.3933
64.5136
74.2599
72.1161
69.4431
64.0898
80.2486
63.952
67.0918
58.6424
66.5987
63.4757
69.9515
67.6378
78.1389
73.317
98.5203
82.6865
75.5006
62.7261
71.4259
70.2121
66.5931
84.4201
89.0339
65.2112
87.0222
73.4688
66.7622
71.3803
65.2964
81.4525
81.556
69.6611
61.3045
70.2665
62.7151
53.6139
71.8109
84.2191
72.1708
77.3659
81.0562
73.4003
82.5346
56.5951
71.3182
61.6117
87.2518
84.9217
76.4039
72.936
75.0439
66.5009
68.2624
87.4523
84.2847
67.781
71.2861
78.8375
65.897
79.5627
77.9406
83.1257
60.1676
78.5269
79.7456
65.0418
67.2429
64.6415
70.2404
57.0678
64.8962
71.2382
78.6921
67.8126
58.1783
73.299
75.9579
71.572
79.5488
82.5349
75.7412
82.5556
73.659
78.1947
84.746
81.5731
90.534
75.0188
61.4548
80.4821
73.4533
82.3593
73.7444
77.1534
72.3981
65.3229
60.1131
64.4273
78.7325
63.4671
69.3529
69.4434
61.6227
60.2254
81.8347
66.1909
70.1436
67.1104
72.7253
79.2032
66.9849
60.9981
63.7316
91.2025
62.1485
73.5987
67.0879
81.8805
69.3509
69.9866
64.9554
71.9046
66.7997
64.8709
80.8664
85.9531
64.8583
66.4834
64.0387
87.3798
75.1639
71.8857
74.7759
70.8642
57.1509
69.3981
72.9397
76.0234
73.057
72.7966
63.5877
61.8268
75.0123
66.2963
52.2835
70.6676
76.8459
70.3933
58.0497
67.3568
96.2759
70.3794
63.7679
75.4651
90.4526
73.0592
79.8582
75.2557
73.7031
59.8245
69.5278
81.3417
82.0963
77.8733
82.0902
68.0844
64.6027
73.4623
64.717
79.1039
91.5908
90.7555
67.6432
66.6461
73.843
83.2701
70.6288
75.4575
58.1609
72.7513
81.9944
71.1756
67.0382
77.9582
70.5416
75.2961
69.5168
72.4147
57.5317
77.9483
74.969
67.5468
64.4495
72.9894
85.1574
63.2743
62.1316
80.5304
65.7903
81.1299
66.1589
61.5153
63.5015
68.5741
71.3571
70.6532
78.6814
71.0485
80.204
84.7338
71.6758
71.7889
61.6313
69.8705
73.7886
73.6583
60.8483
61.4891
73.9868
67.2202
69.4629
74.6157
79.673
69.3163
61.9259
54.7208
64.5685
72.9353
83.7435
85.0183
67.8687
64.7589
76.1613
76.7048
87.2481
60.7097
62.8515
71.9715
70.6753
73.5805
65.9641
65.1461
75.5585
92.2379
76.8503
75.6592
90.8808
74.6783
70.1731
61.108
64.2254
59.1887
62.032
77.0025
60.6626
75.2326
79.3232
70.8652
66.6105
57.5839
68.5754
76.0773
73.4745
85.0656
67.6143
68.2061
67.1986
54.1513
67.2928
67.2671
71.8262
66.6072
82.4178
66.6084
71.3235
77.9771
72.7581
84.7171
70.8363
82.3374
58.1221
73.5212
60.9878
67.7896
63.3204
60.4067
59.2331
72.3806
61.4258
65.6477
94.323
64.7516
72.0853
64.1581
87.6171
64.2783
72.2927
74.9951
68.9056
73.5956
76.9564
72.9005
63.4749
74.5596
81.5943
81.0368
82.7255
73.4354
52.3991
76.3928
62.0596
83.6175
69.5653
64.8127
74.0643
96.453
83.7195
68.8098
68.1462
67.166
74.8875
60.7594
72.022
68.1908
71.8295
56.1269
70.4145
68.9131
87.2676
69.6912
65.5686
83.1703
74.7378
62.332
81.8949
65.1835
69.6601
67.3291
73.6555
71.4072
74.212
82.3499
59.4051
93.1033
83.0943
77.2006
53.853
89.3238
77.3047
65.9066
93.1344
71.7262
77.8787
76.6099
63.8096
75.2581
70.9083
71.5708
84.6986
66.7711
65.6939
64.5481
85.4883
78.6395
68.8283
66.8331
82.6121
68.7859
69.1486
71.3775
73.9189
72.9432
80.9465
71.7953
69.5916
77.7704
78.7325
64.8276
66.3524
62.9794
76.4891
76.1179
68.5519
71.2506
69.2412
77.9147
68.2735
71.4346
65.1285
67.6142
76.4852
73.5889
75.2906
59.0296
64.9715
72.6632
71.0052
69.1478
59.5806
67.8103
54.7973
81.9243
65.5749
74.8853
65.341
69.1151
80.3627
66.2884
66.1489
58.4965
86.5894
73.0655
66.0627
73.0288
75.1217
71.9171
89.9682
74.726
83.5809
61.0152
77.4142
90.4336
86.0458
67.2132
80.3594
78.5889
87.4878
53.9136
74.431
84.3325
68.0247
68.4668
74.1445
66.3271
87.1704
79.3046
66.6305
63.8518
76.1227
70.877
78.6137
64.5144
61.5249
80.4121
66.2962
73.2004
71.2099
72.1293
73.9811
84.7507
64.0253
68.3087
61.722
69.0593
74.3147
77.7009
78.6752
69.5389
71.9297
77.7161
64.4314
64.8166
52.5067
66.5425
61.5938
68.9524
78.1995
81.7842
88.8034
63.2988
79.8388
89.3379
75.5579
85.9449
73.54
61.9658
74.3838
66.8635
69.6869
66.9848
80.9024
81.4825
84.0438
61.7619
71.2021
67.9142
68.1867
66.0894
61.2545
61.6606
70.0151
83.4929
65.1801
69.1612
70.2384
63.4153
71.7254
81.5607
67.9845
71.9221
75.6757
83.9108
79.6792
79.6942
78.8605
68.1709
68.2443
58.3666
68.1648
65.4646
73.1432
64.2735
81.3906
61.9686
71.9432
95.397
75.0359
60.8028
77.4221
82.2857
64.5364
70.815
72.7384
63.9373
82.1988
75.3943
82.2574
85.0473
59.6094
83.6276
68.3158
80.8081
83.7387
70.9623
52.3169
64.4991
71.4009
80.4579
81.8428
73.6914
68.4543
88.2189
70.7794
69.5902
80.4283
72.0032
58.7647
79.4762
81.1949
68.977
76.8577
76.0886
67.9902
78.6881
61.9128
61.0623
74.164
85.4147
58.9114
66.5274
71.9616
74.9571
80.5523
58.1016
83.237
80.5793
89.6386
75.396
64.7816
75.0091
70.6963
56.4828
79.3493
77.3873
66.0407
62.2534
74.4902
76.3171
65.7311
68.2967
76.6182
67.1254
73.298
68.5641
49.3943
74.6915
56.3542
69.9552
70.5473
82.4355
93.043
59.6339
76.2294
66.7591
71.0513
59.4516
78.713
59.7785
75.6711
70.6111
80.7711
63.9898
74.1592
63.5063
74.2479
61.5418
75.2672
60.5589
70.1256
82.3324
69.9383
68.6369
65.9711
77.4871
69.9779
77.4375
65.4257
93.2353
85.305
75.3032
65.4522
77.4008
70.691
64.8384
59.6008
72.2695
71.8616
75.6204
82.5937
63.7447
84.7373
71.8951
75.5324
52.2234
71.1495
80.9418
82.9058
91.3265
73.2226
76.1305
76.019
71.3243
79.074
62.2903
81.2366
87.2254
64.6127
74.2106
71.2733
69.7593
85.3856
76.787
73.2416
70.2882
76.6846
64.0385
70.7891
81.6441
65.5786
74.8874
68.2727
78.8655
70.8376
64.3241
82.6924
64.4035
88.8629
71.1845
66.1304
60.5103
71.3754
69.8961
70.9371
84.2256
89.0125
73.4649
67.4557
48.3386
70.498
81.1917
81.237
79.9571
81.0965
78.3104
83.5949
76.4211
75.1744
72.4118
88.578
60.8329
63.0326
87.1598
62.7253
78.4217
50.5448
63.8239
63.5085
64.436
67.2715
86.4135
83.3052
65.4686
72.7133
72.9675
67.8437
68.721
74.7293
70.7627
81.449
76.6429
73.8724
76.8843
80.6068
69.7003
82.041
67.0608
53.5552
76.2677
66.5272
64.7888
76.8862
64.8406
75.7961
70.1213
63.042
70.0823
84.8738
75.1619
67.1048
66.5741
71.5837
65.8106
69.5001
53.8493
78.0443
69.4244
88.8946
64.066
61.9391
63.2896
62.7133
59.5025
76.6768
77.4166
79.44
76.0833
66.4457
61.1157
65.4469
68.6543
74.0736
73.9467
83.9832
79.5081
68.2976
59.175
78.7839
79.1303
57.5139
55.4298
58.7103
69.9517
59.7481
68.6186
61.4005
66.1634
77.5503
67.4274
76.2388
92.1231
82.1745
87.3447
66.8237
70.0354
62.2308
73.6342
79.3166
82.0657
65.7846
63.7319
57.7135
75.5021
69.033
91.7778
61.0703
98.0955
75.8483
80.9364
61.5452
68.4232
67.7281
67.2529
66.4978
69.8229
87.3481
73.8404
71.9013
67.1226
63.5263
73.1797
55.8843
66.8796
75.134
66.2587
81.1642
68.6127
63.0207
68.5308
70.4057
66.2938
69.3243
74.9698
69.834
63.6428
88.9956
87.0701
82.8231
60.5437
79.524
84.8273
59.273
63.7849
70.5591
68.9208
68.1551
72.3698
71.1688
68.5845
73.9009
72.6069
72.4924
76.4183
69.5545
74.3107
68.9843
58.9459
81.054
75.7716
61.3726
75.9994
69.3841
70.6232
68.8202
60.9703
76.3157
68.3496
75.5869
78.4226
75.8104
64.2597
58.5978
72.6249
61.8499
59.2644
55.6472
54.4493
77.5477
75.4473
88.5405
63.466
77.4378
84.4537
67.841
71.3712
78.6245
85.8099
88.0365
63.1819
73.6981
75.2972
75.3681
83.5908
79.4754
53.4026
54.5223
79.5687
84.3368
79.002
78.8802
76.5757
77.3067
67.4709
64.8381
98.2303
75.4342
102.049
76.4696
85.2558
72.5174
72.2038
79.5874
76.1645
65.1536
59.2882
73.8329
60.8319
65.464
67.7695
73.8974
76.4524
76.9173
87.0345
67.9154
75.4633
65.7467
90.0953
58.1905
77.8202
75.2289
75.0254
68.4314
76.7991
64.2939
76.428
71.1808
77.8695
60.3853
72.26
79.8261
72.6203
72.2258
69.7639
89.0142
68.9165
61.3219
82.412
84.276
59.5458
61.2996
65.3008
83.6872
74.4999
66.9784
76.4057
64.0815
69.6904
72.3962
70.4344
75.9538
65.8647
75.711
58.634
54.4001
89.0777
74.6046
66.2251
74.9281
85.5147
65.4125
74.0629
84.6479
68.9999
67.531
79.2311
72.2378
58.3365
74.2465
77.5285
56.3895
62.1986
83.2113
67.6872
75.4861
66.9255
71.5846
61.7773
61.7979
82.4336
85.9063
58.2717
58.8536
55.0118
69.2854
73.7509
79.6465
80.6568
74.5295
65.645
89.3876
70.0266
73.0666
49.8859
73.6369
92.402
68.9162
68.6541
63.5881
75.8898
70.4934
67.9929
64.0774
67.4614
61.4787
72.4556
89.1292
87.4426
69.7808
72.2283
86.8649
78.5667
82.5011
85.9263
75.4963
58.7227
64.5648
82.2507
82.8157
66.1042
80.2145
78.0323
71.5286
62.2464
84.0754
80.4435
68.7694
69.4675
51.305
63.0954
67.9059
67.2655
80.5872
68.4836
70.4335
75.6994
78.8527
78.1352
60.8352
62.2538
65.3966
61.8079
61.3615
67.2401
69.2822
64.0686
69.4862
87.3391
75.8497
83.7843
88.7438
81.7808
98.5223
61.7239
93.9568
61.8785
79.2332
69.5071
73.4657
70.263
62.1209
68.4581
90.761
74.4146
80.8875
59.9032
81.7188
74.6539
52.705
75.6399
58.8155
65.2681
79.8104
83.2944
73.0667
66.8589
72.1429
60.8053
86.9434
73.1526
61.1446
89.9832
70.3371
66.3725
76.3836
85.4032
65.0055
68.2563
85.8808
81.7024
70.383
60.4901
72.4303
76.5328
74.7098
59.7439
74.5478
67.9679
72.0324
69.9912
65.5331
80.5532
96.2367
80.7772
78.2629
86.7917
62.3705
65.6545
60.0481
74.5707
64.4094
59.478
71.2545
78.2756
70.7821
72.1675
74.8011
85.7795
74.4017
63.6588
71.2951
77.4009
67.0615
71.8378
60.4648
86.1871
73.3515
59.0478
73.4755
64.2235
75.3553
68.2453
80.2755
56.8902
65.6129
71.02
65.9566
63.4528
76.2878
80.7937
78.8381
78.3903
68.1815
79.5034
68.6497
54.9091
66.9666
81.413
64.4126
73.2731
79.12
75.1728
72.1451
70.12
88.8252
79.7393
60.39
78.5627
69.5328
82.8603
81.7363
60.0612
76.9097
64.3397
60.2897
71.6308
74.0937
76.7968
74.5461
61.3585
66.1062
65.534
68.5055
66.9481
74.7738
69.6754
62.428
82.9459
73.4703
53.6546
76.9389
72.4317
72.9745
74.7226
72.0373
61.0161
73.7922
69.0064
72.121
54.4191
78.8827
57.978
87.1652
61.6937
73.4623
74.6063
90.219
64.7113
74.0278
64.6567
82.453
74.1894
83.5884
68.667
71.0941
66.0454
58.6704
78.7286
60.5851
97.5105
77.6196
75.6742
75.2921
63.3678
56.6303
66.6941
77.0623
79.9764
58.6715
68.9057
72.6382
63.8801
77.4477
70.7706
62.2053
59.1604
76.9162
82.6566
83.0266
93.4821
67.3855
58.0065
84.2139
78.3031
69.7141
69.2776
70.3067
81.8517
76.7305
77.2965
70.6792
64.2307
71.1479
87.5187
69.1459
68.74
63.7667
75.9284
84.1605
96.1864
67.8122
67.9537
78.3433
79.1864
72.9842
79.6071
67.3507
74.5066
88.9161
61.4837
74.786
76.0472
61.9239
80.2035
71.2713
70.3891
66.5546
57.8313
76.6959
81.4141
71.8974
66.3112
64.4104
66.9234
79.7316
80.0145
67.539
59.2196
79.81
80.1078
70.3428
74.3476
66.5168
58.8135
60.0907
75.3537
65.4611
77.1709
66.6034
71.7367
70.6901
77.4553
70.8278
81.1981
73.1801
72.0801
65.8261
83.7276
72.579
55.4923
68.3124
60.357
67.7735
55.4934
82.5426
64.9806
68.145
72.9341
75.8914
73.6693
69.0546
79.9178
74.5197
62.8048
66.8864
81.4081
90.1345
52.7711
75.1489
67.3017
56.1721
65.5405
58.2609
67.5646
60.6347
61.1289
75.8513
67.3275
76.4557
75.5579
66.9359
61.3762
62.1442
81.6784
62.9541
61.0385
52.4005
76.2761
70.4252
73.7889
58.9347
60.2033
84.7709
57.5189
69.2704
63.6021
63.5434
66.3907
72.6576
72.012
66.8313
65.3662
82.6846
73.5537
80.1683
77.0328
62.558
71.8786
81.1879
60.0873
89.0993
65.1837
52.2251
86.1914
63.1838
62.8276
64.5579
60.421
82.5564
73.7007
61.1561
71.8014
78.5054
70.1257
80.0406
86.299
67.1091
71.4374
73.1664
59.2773
86.3378
67.2711
63.6094
64.4403
70.9061
94.7762
64.9019
61.0677
84.5956
71.1132
82.2207
78.9352
70.9327
67.4773
68.8297
62.3815
63.6454
76.2792
76.6978
71.5013
65.5973
79.4677
83.7628
66.6678
71.5718
91.7096
64.6095
63.9148
81.8496
63.5887
58.0266
68.9708
77.2169
80.8957
61.6184
76.8225
87.8454
62.1247
87.4647
82.514
65.6759
69.9143
85.4339
54.4812
80.1787
70.43
77.5531
61.7685
84.6872
83.4928
83.3919
75.8413
76.5259
80.1363
82.0843
76.9519
65.2026
80.1293
69.1726
75.6502
62.0653
81.0399
56.5259
63.0162
78.0495
76.0635
73.6845
70.4024
81.3614
57.2305
69.3043
78.6386
65.7535
78.6031
60.0809
77.7497
84.5727
66.1603
69.1402
63.7675
86.5817
85.6228
65.6189
63.5843
71.3859
81.926
65.1674
74.8605
69.2169
70.3647
59.0156
83.496
66.8194
62.8675
79.1962
64.5897
75.7239
61.7987
54.9348
77.5536
74.3295
84.6434
80.4921
84.1528
58.6842
77.4769
63.9518
76.3878
90.787
72.3635
69.8727
66.6467
63.9029
68.0905
80.0769
68.963
71.6965
76.4375
77.3146
92.4668
60.9836
84.9422
80.8502
74.3145
75.2346
71.1996
69.9318
75.9837
74.2448
82.403
71.5363
68.0885
66.9356
75.1291
69.2707
61.0001
72.6843
84.7389
75.7376
84.0457
79.546
54.8983
66.5297
62.0071
81.5677
69.704
86.9209
77.2765
69.2097
78.9018
87.9079
72.7649
68.7818
80.0028
75.9187
82.584
61.9842
72.5183
70.3467
66.6857
68.1716
81.9897
70.8319
66.6549
89.0491
70.3808
85.3299
71.2334
69.016
65.831
75.0081
67.1738
59.8601
68.4226
69.3885
62.4844
58.1058
64.1352
64.1821
89.8447
72.8061
63.0236
64.3175
81.0715
84.9745
78.4788
75.5648
74.5458
62.5374
75.5142
65.704
78.4575
58.3673
74.9706
60.0331
79.5201
76.0261
66.4214
55.3747
78.8063
76.2376
73.4181
65.3306
63.2185
79.2177
63.5225
60.1989
102.979
70.214
75.5428
87.7389
62.5928
76.6942
84.6745
67.1967
69.4119
80.8256
66.2471
64.3885
72.8848
63.8123
66.0587
62.2048
75.3443
81.874
83.1488
64.751
75.7485
79.8843
89.7937
71.2645
96.2283
60.3618
72.3347
81.5092
73.0778
70.8095
66.4566
77.8581
79.4622
85.429
78.2852
84.0994
64.2113
58.3103
68.783
63.7398
74.1315
80.9382
67.1209
68.7099
81.6308
65.2947
73.0041
82.7741
87.7925
75.9608
67.562
79.5498
88.6992
76.1369
90.7657
80.1385
82.5143
65.3908
72.5138
79.7514
60.5328
70.1366
53.9585
59.3024
54.5439
69.3174
74.7522
66.0482
56.8297
72.2415
68.9884
75.2138
76.6073
71.6286
67.4739
63.1833
67.3661
68.2718
71.3191
68.8214
67.5284
70.2238
75.091
81.0231
69.8907
84.0217
55.9319
73.0754
65.1277
55.8121
55.7852
61.3951
83.7395
63.1781
84.8209
66.1175
69.1586
74.3822
72.2257
62.4118
92.5181
71.9399
58.2086
70.9155
68.8493
71.8594
77.9572
70.3256
106.913
87.4979
58.2954
60.6698
71.6683
73.1286
64.4284
62.9601
62.2987
70.7661
80.9348
79.648
70.5224
66.4153
79.4303
62.3195
67.7605
83.0002
74.8003
68.8619
69.8681
82.3968
63.1788
59.5432
70.7983
88.9761
62.3557
71.062
72.2319
62.7708
65.2004
81.9001
71.9486
71.0174
79.9109
81.7205
76.0655
65.4291
65.2071
58.3002
74.6802
63.8188
86.9668
67.4206
73.1985
62.9168
60.4045
71.3661
84.3995
69.631
74.6914
65.4708
59.2468
75.2189
80.8436
69.8052
76.5585
74.7174
78.0104
53.4792
61.5553
64.6416
73.4615
54.7113
71.8795
70.5667
62.512
69.0725
78.4167
76.8154
70.9968
86.3409
79.3173
72.4075
65.3576
71.0694
73.1947
70.0851
56.9247
85.0656
54.5749
61.9914
78.4364
66.6816
84.5035
68.5448
69.2972
80.6614
85.3046
78.5856
73.335
75.5373
57.8764
69.8158
96.2424
60.7276
68.0192
75.9408
78.5548
64.3988
76.1153
62.9479
69.1399
66.93
68.8671
78.2105
62.3009
91.4608
85.9226
64.3838
71.5593
67.1379
63.8697
61.9586
65.5571
85.7634
80.1612
65.9047
94.0279
65.0766
87.7046
89.9126
60.7095
59.715
57.2958
76.6452
69.481
73.5408
58.2608
73.6284
71.3826
76.2954
65.9844
75.5574
79.5002
68.7239
83.1164
77.2242
77.1116
73.0108
78.817
74.4349
76.9227
69.0703
63.248
59.1896
53.0245
65.7695
67.5281
74.6369
77.4323
96.8958
73.5223
84.902
64.5868
84.6459
70.7935
67.0931
70.1669
64.837
72.7197
65.602
74.3489
81.0126
75.7739
70.5087
80.8481
82.4511
86.5225
41.8319
79.4826
66.8496
84.9642
59.6733
67.8923
70.6474
89.9409
79.744
57.3443
68.3364
83.2515
79.521
64.2256
49.8429
78.2869
71.7413
70.4471
70.7287
75.515
74.3799
72.7642
85.2517
68.2534
65.8415
75.8175
71.7972
66.5864
71.5245
56.5109
73.2686
71.3956
71.0464
73.84
80.5274
67.6238
60.288
70.7301
80.4192
65.5797
66.9011
66.8274
67.8383
73.5542
75.1308
70.3977
61.4098
62.0594
70.8229
68.4952
91.8173
85.574
79.8105
89.103
73.7924
66.2844
73.8944
73.1984
78.0521
78.5369
66.4537
62.5726
70.5691
71.0423
65.0895
64.6927
78.5003
61.8176
67.3655
63.626
70.8184
62.7931
76.7552
69.3416
75.7148
74.6247
79.8295
66.1743
71.6729
62.9442
75.7145
75.6839
57.1639
68.5579
77.0321
83.1601
72.8931
71.2097
69.546
72.0776
65.268
71.7705
74.0448
70.7013
77.0258
62.1718
63.8453
64.8795
63.4158
71.8347
63.3741
66.7824
73.1156
53.1765
75.6434
65.9824
64.642
63.5407
55.749
64.9715
76.0458
69.2093
77.5836
63.5795
60.7266
81.6779
71.6173
65.1094
72.114
77.2975
59.0874
85.1208
71.6603
74.9669
62.0319
80.4805
70.9415
81.7797
69.1182
68.99
72.5346
90.2412
56.3242
82.511
78.9244
75.0036
85.0268
98.8117
54.8925
55.9765
60.8057
72.4295
86.6446
65.5628
62.9176
70.9095
65.4629
64.823
70.947
59.9534
77.7259
64.6927
64.9324
69.0648
78.3852
76.8475
76.1112
69.7374
67.9453
72.2656
72.3217
97.4329
77.6238
72.3301
72.7523
59.9794
68.593
73.0871
57.2734
64.3997
76.6358
75.6622
73.8639
58.7914
71.3148
85.4762
73.1209
71.3074
74.5081
62.9921
78.6774
69.6693
59.936
77.7976
63.9018
59.3482
67.4672
69.0985
76.6393
64.0463
64.4398
71.9664
72.7097
69.5952
73.9522
81.7885
63.8231
63.3907
74.942
70.8408
71.4066
83.5967
65.4535
80.2094
74.4666
72.4126
86.3637
68.8161
82.0005
66.7593
64.4343
74.6681
65.189
77.5517
73.8168
76.7623
79.3953
87.4772
72.5814
85.8508
68.9513
74.1343
70.8818
66.6684
58.9328
63.058
79.479
64.5361
65.149
79.3875
63.5332
83.9204
58.809
62.8937
69.6578
69.4456
69.0954
75.4558
68.6188
73.7044
72.4186
60.9393
79.0872
64.4796
75.7114
75.6713
59.9122
65.3955
70.4302
74.0046
76.0751
70.8128
69.5281
95.4496
69.0881
61.593
66.0406
66.8109
76.4391
75.5005
69.2772
87.6471
70.1239
74.4021
70.7011
65.7396
72.6441
89.9444
75.3257
61.9351
61.9314
78.2602
63.1385
74.0733
80.2523
69.8676
72.3011
81.3547
69.4973
78.0722
71.8659
85.2723
72.7356
76.2705
71.7989
62.9521
83.1516
67.4425
64.8833
86.3321
66.7664
70.0851
59.2687
70.2617
74.1297
62.9582
72.8919
81.8103
71.3105
79.4667
74.5314
81.662
72.1841
61.0615
69.2295
69.0116
69.5286
81.6638
88.2108
78.023
55.2337
61.2381
69.5745
72.3438
71.3604
71.0949
77.1391
72.8339
83.6474
68.0938
60.8995
72.1336
82.0952
77.6999
65.799
74.4425
75.5646
63.4155
83.637
81.1697
72.2362
61.1501
92.9087
83.2448
59.7319
78.3533
71.3346
72.2387
71.2978
83.0079
75.0655
58.8941
79.0138
73.9091
69.6141
80.7466
86.454
58.3486
80.3664
74.5352
59.1734
69.0578
78.5507
70.3067
68.2766
67.6293
63.612
73.7492
73.3652
71.4265
70.576
60.3446
56.5852
65.1814
63.4077
62.6032
54.3363
78.9414
69.1183
72.5517
79.0316
71.7323
74.5432
75.9712
69.7187
65.5842
83.545
63.8954
66.4428
80.1382
56.8294
84.6835
96.7268
60.2962
75.5717
61.7501
76.5444
67.7806
76.3718
66.1287
84.892
85.9067
83.1686
74.888
71.6721
71.7012
76.3191
72.5136
78.0642
73.3258
81.1368
74.4477
67.0455
83.0954
81.9658
76.2911
86.3349
78.8157
72.6777
64.2975
79.1379
73.9519
66.3835
70.017
70.5598
88.3466
83.9515
71.3825
74.8575
79.0358
83.4377
76.8749
64.024
72.3802
71.2178
68.4399
71.1529
67.0936
72.5282
70.0575
81.6903
55.3276
59.3853
67.6194
88.428
64.1024
74.5622
92.3538
65.2763
74.0154
67.1184
89.1994
86.2652
66.6464
54.6236
73.0588
65.806
71.7503
73.6405
77.6538
86.201
67.6601
85.2306
61.2655
76.0554
64.0734
66.3078
53.8571
76.4435
84.5502
70.1294
70.0107
68.2521
72.3452
69.4475
73.8279
78.5153
76.6084
73.818
64.8049
80.3737
85.9695
58.9967
57.2764
59.8508
68.6293
86.5524
62.2633
72.3292
77.7159
70.2081
70.349
71.8975
63.1051
62.2692
64.9847
76.0186
76.8101
81.0051
83.4175
72.6686
64.6808
57.0699
80.7761
78.4086
70.7998
74.411
67.275
82.5907
77.6644
68.1142
75.16
80.6149
65.4687
79.4999
67.0761
70.4861
63.6905
84.2088
74.0703
61.821
74.8409
61.4846
88.7948
66.843
64.2521
67.9128
74.1444
80.2737
69.4182
78.6699
70.7619
61.8632
77.0539
52.1598
55.4801
67.1571
70.2323
63.7142
75.3833
64.3371
68.0568
78.0864
75.2518
74.2335
64.69
71.1792
79.5138
81.5633
68.8382
62.2343
63.4955
79.4911
61.4537
64.2264
72.1338
64.6529
63.4677
60.1128
66.7097
55.8195
75.5751
65.2833
78.7506
56.1352
53.844
77
69.7667
86.0508
83.2177
91.8649
76.1936
73.4046
95.5906
88.051
68.6645
59.8905
80.7985
51.5589
58.0061
77.6039
74.499
77.1444
68.4106
75.8055
57.4877
72.4193
82.324
63.7861
71.1674
77.8815
59.6692
77.6364
64.5271
77.7576
68.5139
68.2775
81.0611
72.4
67.5674
81.6312
54.817
83.4777
66.1611
79.558
88.1336
83.2067
77.6931
77.246
75.4971
56.2038
67.5765
80.4788
88.7915
90.6159
71.6795
71.8009
72.0028
75.5716
68.0569
84.4786
69.7165
68.4621
71.197
71.2832
63.7481
68.9941
74.8829
61.367
70.815
66.6516
63.4612
93.3691
74.0141
70.6793
71.6713
75.6617
75.7867
61.221
67.9419
74.7648
69.0368
88.3377
80.6473
66.7521
73.4672
73.3314
73.7182
61.5719
78.3052
77.4561
70.7387
79.1199
67.8671
61.4385
75.3305
70.8732
63.4999
77.002
79.0669
72.7017
72.5107
75.3064
82.4511
80.5345
61.0139
72.1367
64.8345
83.7978
67.3914
67.2674
80.7562
59.4417
75.2586
66.9587
58.4061
73.0036
62.4412
77.3526
63.5722
72.9732
78.0649
68.3146
64.979
76.4848
78.6879
91.1814
60.0512
72.2851
76.4283
79.7108
94.1003
90.0926
69.2269
71.5356
61.2058
79.1621
74.6134
87.31
71.1099
83.8081
90.7756
65.1715
58.5038
54.6144
75.4838
77.3244
67.9296
57.5318
71.7245
79.0004
90.0111
72.4377
67.0057
74.9038
61.4479
68.6065
61.2984
82.2914
77.6992
60.9221
72.6788
67.6767
64.8324
88.6291
64.0511
70.734
75.3463
66.9324
85.1785
87.798
50.1655
69.9241
75.2226
68.8387
76.1358
68.5915
64.644
89.0333
69.8467
79.8228
75.2909
67.7154
90.847
83.2844
75.6077
61.2286
67.1517
70.8913
74.4635
86.6246
61.8856
63.2524
66.0646
69.8451
73.383
66.1281
72.0901
70.2555
85.0187
55.8552
76.682
65.7418
72.8175
66.1511
61.6273
66.7567
75.5489
68.6965
73.6775
58.7616
75.9777
62.0799
92.7975
57.365
82.155
78.2841
79.4504
83.4126
83.8189
70.729
70.9544
62.1208
73.4663
64.0529
66.0265
67.8801
83.8913
55.3431
85.919
77.3577
78.1148
76.3785
70.3588
76.9864
79.5253
51.9466
73.1511
86.3983
89.0008
64.3539
77.4237
75.5091
52.3354
67.2079
78.7013
75.6755
74.028
73.8737
66.4738
79.7955
70.3091
73.759
75.277
59.0065
67.4406
75.4624
88.3524
68.6621
73.9388
64.9962
65.6856
89.1187
72.6369
73.3908
61.6498
62.5557
72.3674
68.6815
68.9564
84.0084
73.2325
85.9899
70.2465
63.6423
77.4701
76.4201
70.2495
77.7036
57.7008
64.8405
71.5947
74.6006
73.773
70.0569
72.2712
69.372
65.4886
62.824
63.5496
55.4839
73.6935
71.1146
67.904
72.3082
51.4724
71.2056
73.7141
59.5291
78.8907
96.5095
58.085
86.9715
67.475
76.9503
65.0536
65.4475
67.0108
61.1048
62.3022
68.1444
80.5476
68.5768
77.0463
76.0177
64.4303
63.6588
72.4106
59.6578
73.0926
77.7578
66.859
76.5137
74.8829
64.2114
78.9826
61.8337
59.364
70.6678
76.3456
77.8244
58.9668
63.7759
69.9912
55.6005
67.6685
75.1908
74.2979
65.0366
71.4257
83.1367
83.5796
73.0187
66.5571
80.5504
75.274
80.785
66.1111
69.6741
64.5089
86.9812
61.2924
51.0447
85.6515
57.7832
81.9189
81.0981
90.2187
76.7595
60.7042
69.2556
68.3947
70.6552
71.8647
72.7733
82.2924
65.4357
72.3621
88.6302
63.936
60.9932
73.6077
78.0792
84.0084
63.4578
51.6169
71.3623
59.8744
82.1089
90.0654
69.3334
67.5204
70.3917
57.3401
66.5605
79.7033
74.5385
74.0944
65.9657
63.5617
87.6552
69.777
85.6656
72.535
65.9794
66.6951
67.6562
75.7253
69.4628
91.5711
85.9089
76.3762
71.5692
75.1448
64.8488
72.5119
56.3667
82.3989
75.718
68.1501
67.1762
60.4713
91.5874
81.2824
80.6582
79.3307
83.9806
75.3238
64.7317
59.1252
69.1212
64.7023
75.9185
77.1341
75.3431
77.3012
71.3022
80.3474
84.0621
69.876
77.4187
79.3942
78.2577
67.6945
65.9637
70.4749
61.3525
72.6073
69.9238
63.4444
74.7448
68.3843
64.812
63.5598
87.6498
83.7726
72.8423
68.6579
74.2663
58.2637
73.0613
66.4445
69.9156
70.208
77.6862
68.6846
72.7813
77.1882
72.2429
89.6151
76.5328
50.5355
52.1581
61.4843
71.3046
76.8809
73.6596
70.1666
85.8836
59.7725
71.9516
61.0662
67.0901
71.2999
63.3822
55.2842
67.3979
76.767
65.6385
63.3377
57.8649
82.6663
63.9993
86.2874
77.9823
66.6783
79.7857
73.6953
68.7452
79.8186
72.7474
71.4066
63.2841
75.1684
60.6765
75.3897
71.199
71.9847
78.9749
77.25
65.819
67.4568
62.4686
81.7215
65.9863
91.9865
60.2399
67.6585
70.5641
93.0257
83.4881
74.5324
73.85
85.5695
67.3807
77.5678
76.8335
71.0902
56.1007
66.7352
94.1831
63.4285
80.595
66.0593
65.9716
66.252
71.7286
75.1132
70.8815
76.4187
60.9825
74.9531
68.2233
78.1916
61.0184
65.7185
75.0285
94.4179
73.1632
78.7068
72.3777
70.164
78.4091
60.9371
64.6891
76.3058
87.2898
77.9039
74.1854
87.7261
77.558
78.6841
62.4954
81.8764
74.2926
60.7114
67.0893
69.1533
82.0257
74.8913
70.7159
51.873
61.6203
79.7929
75.8444
75.6034
63.4196
74.8629
64.3402
71.458
71.7172
69.4363
75.568
85.2281
69.9397
64.6621
74.5718
80.3005
62.3627
63.9657
79.376
62.5245
61.1899
69.458
62.3166
59.3165
51.6425
69.1105
95.956
76.7746
69.2021
69.5742
78.5854
88.6627
69.5656
67.8791
85.8281
88.9172
78.7468
52.6176
82.8659
61.1609
78.5089
79.9851
62.8784
74.024
75.3497
73.6139
73.0678
93.9963
79.121
76.8149
64.6203
76.1405
77.9388
77.9089
61.1544
62.3414
71.2663
74.2528
74.6041
71.0226
72.083
64.0187
55.6308
68.881
71.627
72.067
61.7912
80.3197
72.7854
72.9955
57.7875
74.5853
68.9158
63.2803
75.9961
84.6243
60.7542
88.3315
72.3806
94.6579
74.5876
57.3109
72.9877
81.7621
78.9342
69.6404
77.3439
60.6933
78.0989
67.3393
87.4627
72.9117
70.8986
72.5502
60.0875
69.019
95.7542
60.9832
68.4763
89.2251
62.6947
49.0716
73.5676
78.5101
60.6582
89.8062
73.8611
68.7995
83.6891
81.4431
68.4794
88.0209
69.4109
86.7597
66.094
61.2537
73.2375
64.7437
60.7707
61.3193
72.8155
65.39
71.918
78.054
61.5454
76.7823
64.6493
77.6144
74.0553
76.77
71.6898
75.9392
81.8177
79.5132
57.6889
74.1393
64.6304
80.9715
70.4025
70.4589
66.7267
75.259
73.2723
69.3383
79.0071
81.4799
70.3592
68.1882
56.5039
83.7642
76.1891
67.4046
78.0838
69.1593
66.752
66.4801
70.2043
70.8769
81.4872
67.2424
78.0512
63.3109
62.0606
68.3945
72.5202
79.5124
70.2861
68.461
80.4373
66.5948
66.0802
71.3565
74.1322
80.9101
83.096
79.1732
74.5864
64.1668
66.2173
67
73.3483
93.8712
81.1185
76.7776
81.4975
66.6002
85.0308
69.0663
63.643
72.8843
63.0341
73.4865
56.559
85.6772
79.5839
68.4499
65.3097
68.8429
72.8138
73.7089
62.7307
74.5467
82.5308
68.142
71.5121
78.1807
74.6765
70.7962
65.8048
77.4519
67.8402
83.0141
75.0814
75.9456
59.4023
75.9414
57.3996
65.9568
76.6092
64.0439
62.5174
75.0958
82.9442
61.8054
79.6771
63.9857
65.8372
60.6546
71.1285
68.719
66.8949
76.7207
80.1089
82.9054
73.2465
60.7286
71.3749
89.0874
68.5582
85.1084
74.5531
68.2285
78.0118
64.6533
64.4346
83.2274
73.6691
82.1963
71.9514
72.5648
59.9742
82.4939
66.6542
63.3093
75.1571
68.2581
69.5398
55.1065
81.181
61.743
72.368
63.1824
81.3427
79.6929
61.3223
68.869
63.3341
57.3587
70.213
72.4632
55.8307
61.9142
75.5984
71.1696
86.4648
71.7521
70.6833
62.6311
66.4588
64.3701
53.9263
69.7296
55.9433
66.5417
70.0366
85.6667
72.0802
85.8022
78.3176
57.405
70.9519
63.4927
68.135
77.711
82.4574
61.5604
60.8747
76.345
55.1869
65.3114
84.4411
70.7208
82.7573
68.8665
86.5228
66.1742
65.8689
66.6352
90.6939
76.9585
69.6137
68.1286
71.4254
60.5867
65.5032
58.1616
65.6996
72.6452
71.4253
76.4767
67.9313
63.5813
81.3406
81.6425
71.451
67.8507
67.6072
84.8529
61.7232
62.2295
87.1907
80.5586
68.8836
59.1926
82.5755
79.5604
76.5691
59.3811
78.1602
59.7818
77.4678
76.8193
66.6095
66.7346
84.6667
59.9609
69.5833
77.2498
71.0213
83.1991
73.9336
65.0666
69.4947
61.6488
82.3475
80.1188
74.7949
75.7894
61.5781
77.2996
68.0808
53.6388
65.4994
72.7086
61.7041
58.5634
77.7222
63.5859
72.1616
95.5275
63.6489
79.315
83.1386
77.1728
80.9759
69.6697
77.2964
83.0333
70.7907
53.8159
80.1693
66.723
68.141
76.4616
62.6957
64.6619
73.9149
61.6281
77.6474
67.7686
72.6235
83.2062
73.097
75.9052
67.7024
87.9987
70.8853
62.4827
82.6139
68.2811
78.7777
58.0751
70.5333
73.8055
71.4653
60.8824
59.2471
59.6857
86.275
52.9034
76.4302
57.9984
61.2843
66.8325
80.9366
73.5847
71.1332
79.2708
73.8973
66.7746
60.5127
68.8959
62.4791
63.5764
78.6522
69.1386
60.4732
77.3837
73.3315
80.5852
67.1564
75.227
63.8946
60.1731
62.3601
73.4638
85.6753
71.1406
75.2008
73.5391
73.0658
72.396
91.7863
76.5873
71.8534
74.1239
63.2685
68.6017
86.2899
67.7268
81.6988
63.6389
89.895
85.5176
88.7139
65.5983
68.6525
57.349
74.5394
76.6398
67.7872
75.3158
59.0696
51.1599
69.6265
67.0454
72.249
85.451
82.5129
76.7709
69.6136
81.8896
90.3593
78.5203
78.6831
53.2767
73.6876
77.1361
81.5773
86.2974
85.1959
69.6026
74.4314
67.6477
72.465
80.8844
79.1714
78.2455
74.2014
69.1649
63.4112
90.7724
67.5727
74.2638
61.0432
80.8392
60.7548
74.6415
60.4138
70.8121
86.8854
55.1444
59.5768
60.4854
71.8361
83.4149
77.7487
77.8917
59.5426
76.0293
73.8522
72.0856
73.0236
59.1194
72.2451
65.9288
84.7043
72.7019
77.6289
70.7616
62.9767
94.2491
82.1401
72.4352
73.6496
81.7709
63.3437
73.1375
65.5987
63.0569
89.4628
64.8049
53.3891
64.9455
94.5441
80.6807
69.2403
71.743
67.5563
84.5345
87.7889
71.7334
70.2025
71.3198
83.4421
67.2733
58.9111
88.5641
59.9694
76.6431
77.6262
65.4346
67.8329
62.741
88.1477
57.4038
73.6256
53.1005
72.6052
66.4718
65.8055
68.0262
49.6928
64.1003
69.7212
79.0903
87.6153
75.023
50.574
77.0026
68.688
69.4984
75.7617
67.0903
65.4907
78.164
72.7792
74.3788
76.4708
82.9403
64.3277
75.0233
71.445
71.9994
56.6009
82.6669
74.923
88.9916
80.9322
87.955
85.6212
74.1961
80.6366
54.6499
68.4217
67.6983
76.7844
55.933
65.5178
66.7832
68.4559
67.3726
70.5567
70.9735
68.4212
57.7428
73.5653
57.439
77.6526
64.3413
81.5953
79.4087
78.163
62.1606
54.7842
87.2871
96.5437
74.0342
72.3622
49.1703
88.6056
54.9065
95.8615
64.9401
67.4546
76.4308
62.3175
69.8178
78.3112
87.3901
60.3069
69.3965
69.8063
79.2945
60.4348
68.5862
90.3406
76.2621
65.1398
78.7532
77.7235
77.4622
75.8889
66.2699
69.0182
62.1289
66.6856
84.3807
85.3773
71.8705
89.5507
68.5729
69.5393
69.6523
65.9594
73.2904
84.0033
70.5639
82.2769
65.1093
77.1587
70.4899
77.8183
74.5697
81.6735
73.3303
75.8802
62.9276
80.9265
90.622
76.1906
74.6954
79.5105
84.2486
81.3321
75.1602
69.3162
68.0656
61.9321
78.8795
71.375
73.2498
63.422
89.234
74.1859
73.8895
72.1625
64.1036
58.2996
70.0013
84.4526
78.637
55.8371
74.4025
64.8785
75.5044
62.1041
68.4537
79.0143
71.485
71.2385
71.2932
94.6775
61.6047
80.8651
57.9737
69.3346
83.6213
58.5762
64.9698
56.5135
77.7883
63.9435
68.9859
80.2652
52.395
55.7433
74.2687
69.7991
71.1009
96.6839
74.756
63.3251
80.6113
76.0441
80.7372
56.4535
76.714
75.9195
66.9633
82.8989
82.6994
57.1749
80.303
65.419
61.1451
99.7349
79.6248
72.9793
60.056
77.8027
97.4768
73.0344
94.3695
75.4133
79.1339
84.4332
78.629
63.6584
74.8185
84.9471
66.4049
62.3834
86.7941
55.9772
74.3804
56.2337
66.2479
63.0093
54.5744
65.7173
61.5396
71.8106
73.6653
87.221
75.5562
62.011
57.0321
70.164
78.7371
74.344
56.4879
102.068
71.3393
89.2749
65.7251
80.7208
71.34
90.3399
83.3476
80.9128
62.3943
77.9789
82.0257
72.0681
67.6969
70.8943
68.5979
75.4929
54.6853
60.0264
74.5156
56.7259
59.4522
76.3978
58.9287
71.8824
74.7746
80.1484
74.4154
75.901
73.1726
86.7147
66.9959
74.0193
76.4707
72.6914
78.8755
64.6457
83.9896
71.6773
56.4724
82.6326
75.7913
69.6741
68.8894
70.8148
70.8924
80.1127
67.5067
67.4573
91.2675
83.9756
83.3673
58.9081
91.0237
82.4465
82.5919
86.6172
49.7838
62.6772
63.8574
64.5563
72.2487
80.0709
60.6933
70.0502
58.0105
61.6112
78.2012
73.6896
68.5987
67.1771
74.1571
60.6629
72.4733
68.3128
70.218
75.2591
64.7333
71.1838
71.178
73.9117
67.324
72.6204
84.6438
85.6666
93.321
85.3877
75.4333
72.8151
83.143
75.6188
59.8854
86.7499
62.1453
80.4347
89.6179
63.5893
58.0228
84.91
78.6043
76.9771
67.9767
53.721
94.8934
62.9699
62.2236
65.5936
63.9125
71.7066
62.7458
73.9004
70.1527
57.5903
62.6691
78.0988
83.7832
60.9919
74.1548
67.183
64.3641
66.1984
83.0393
59.6109
72.336
72.0175
74.8579
66.758
87.5344
63.0506
64.1406
75.8235
69.2385
66.845
62.3964
79.3022
72.242
58.5736
64.9516
66.6853
59.6563
83.6892
67.7109
81.4416
60.391
66.0493
68.94
73.9665
70.8537
77.2815
73.7865
63.1333
62.7749
63.0021
66.5836
75.5585
64.1338
60.7225
80.7808
72.7682
81.3174
58.4487
75.5778
73.8678
73.1413
90.4671
65.9307
67.0555
78.0296
60.8044
49.6217
55.4261
67.177
83.5447
73.6253
65.788
71.3808
63.9512
72.6309
77.189
68.9188
70.8994
71.771
66.4776
82.7709
66.9255
70.759
73.743
78.9539
67.6735
82.1515
88.0132
80.6067
81.1543
59.3872
74.7622
76.7559
81.0725
79.1624
72.2568
64.3404
77.9928
76.6715
66.9341
46.2056
57.5648
73.0233
68.3249
75.5291
72.047
72.1016
64.8624
77.9977
75.429
60.4165
85.4489
75.2172
67.9609
82.6241
67.4441
74.3409
77.6354
60.07
73.4968
70.6379
69.0059
85.0149
82.8804
76.78
92.2811
67.4917
66.9826
67.0416
76.5586
57.1642
69.9301
70.2386
93.3278
70.9433
75.2892
62.3985
73.6453
77.314
70.086
69.4294
72.8593
76.4936
63.4844
73.9216
69.8128
71.9303
62.9424
69.0051
69.3559
93.6074
66.0086
59.3442
66.4244
68.8171
56.2695
56.4338
61.4358
72.0809
78.9382
77.0859
79.9632
75.5556
66.8522
71.3445
53.3
71.6217
73.4106
72.0705
79.8832
74.5055
73.4067
69.7063
70.1149
70.8204
62.6841
70.8838
76.2431
64.0979
70.4933
79.1478
70.2898
86.8499
62.7124
69.1818
83.1164
71.1014
61.6328
70.2674
74.0902
76.5373
69.3637
70.1968
66.5656
83.0167
71.119
76.9855
76.0834
66.0633
83.9529
72.7412
63.7043
60.3444
67.0666
68.3284
59.4221
58.9925
69.8724
74.3409
73.1576
52.3262
62.7653
71.2715
65.0387
79.2049
62.3581
64.0374
62.116
90.7668
71.3658
74.3938
68.6806
61.9898
68.8066
53.2147
76.6695
75.2476
65.3377
77.3501
80.0827
79.9214
78.0115
83.489
88.245
62.1548
72.5388
73.652
70.509
60.3809
60.3156
63.1885
70.5818
76.0814
83.0263
86.354
69.3494
92.5068
55.991
73.031
80.6374
70.1776
73.4169
73.1235
76.6356
76.6807
74.1395
75.3971
91.9027
75.0552
77.8289
73.9091
83.6298
73.4149
59.9296
65.7633
66.1569
61.1904
59.5104
65.7546
73.1356
61.7569
72.2406
70.2761
60.5478
65.5013
79.0001
75.2708
66.8993
59.2877
76.7985
70.8362
83.7633
80.0812
72.7609
73.5228
63.5853
63.5046
63.6203
78.0516
73.8037
66.3987
80.8815
80.3214
77.3619
69.2869
71.4827
69.5751
74.4769
75.3081
61.8136
71.5251
71.6158
77.8447
70.6874
90.3379
69.9571
88.4435
76.1006
89.2685
72.466
65.1705
65.9879
69.7592
65.3366
78.8069
77.8211
70.1933
61.4623
78.5479
65.6422
88.3915
95.9473
72.2689
67.113
88.2351
63.0153
54.2654
91.7539
67.8103
75.653
79.6082
65.0039
77.1592
74.42
68.9871
91.4052
75.8595
77.597
83.3175
65.3831
79.4233
50.4436
75.3853
66.4635
80.8333
71.9334
63.8512
71.2142
72.8928
80.1963
74.4872
60.9051
70.4326
62.2479
74.7784
72.0788
61.2034
70.0495
67.823
89.8351
75.8513
61.5067
87.7128
68.0388
69.6591
73.6626
64.2851
69.5807
90.5156
54.1035
75.9888
77.3787
81.6202
60.5122
89.015
68.6964
64.1644
85.4872
67.0916
70.2671
67.8195
70.658
62.9713
75.7784
70.6319
87.3623
74.2448
59.8759
71.04
66.3496
68.8038
66.5948
58.7679
60.2635
74.8028
67.128
68.3648
71.4814
58.3583
71.1352
70.9005
68.01
55.9248
70.715
71.1598
59.0588
78.2511
79.0886
78.4009
69.2072
83.7122
66.025
71.9247
72.6435
66.213
80.9718
79.7801
62.7831
54.3279
81.3506
68.0808
61.507
72.8316
75.6225
63.8386
89.4425
62.4851
58.8398
65.3541
69.0427
77.7452
70.061
70.8218
66.3253
62.8203
67.4486
89.5052
57.6023
56.1425
59.9993
85.6138
55.8242
69.3943
86.1509
73.4968
99.5093
80.0316
67.3221
54.7026
67.1985
76.1037
78.4985
84.4742
68.3201
75.9499
71.5837
70.4689
67.2479
60.1093
80.9229
84.3018
69.8959
71.0235
81.1758
72.4291
75.2499
66.1752
88.5837
62.1755
68.908
86.7247
73.251
75.122
66.1453
59.045
90.1072
74.7314
74.3706
70.5685
83.4467
66.1279
71.0098
74.2345
58.7557
55.3641
71.1644
79.3682
57.4096
69.8507
59.8358
61.332
85.2327
73.4291
70.8195
81.0433
83.1464
81.1607
49.0795
82.6239
79.4645
73.9779
77.2746
74.0606
89.5637
83.143
73.2066
92.2052
61.5875
80.0273
68.9924
64.8572
63.7895
71.0523
80.6597
81.9073
81.3734
85.7588
72.9768
73.7093
52.3214
74.4289
64.5395
63.5083
69.8701
50.3665
85.3333
59.8442
89.253
66.2857
65.5921
69.1975
59.2746
65.6935
64.6892
66.2153
68.0708
78.2941
59.0348
70.6149
69.3855
78.6721
66.9029
60.796
65.2053
78.3531
75.0566
84.8687
62.2809
74.8187
63.9193
66.2006
57.5635
79.4787
63.2097
79.6223
69.8058
75.3061
70.7617
61.6504
63.6089
71.445
73.9135
68.4679
87.0507
66.0793
96.1489
82.4271
65.169
86.2592
65.8287
64.7337
59.1016
64.6768
71.1531
71.4611
69.3355
74.7456
69.0809
73.1191
77.6331
71.6715
74.2198
63.5272
68.5561
89.3872
63.4886
58.5806
81.2148
74.5198
78.7138
60.9005
70.8816
61.0202
69.4941
76.086
84.6066
63.9325
87.4085
57.2415
65.9722
64.9585
73.5986
64.4815
71.9972
82.2914
62.9813
67.8106
77.0549
70.0412
62.9
72.237
74.013
60.1076
79.9887
65.0046
61.8634
72.3328
53.2686
70.6031
66.3729
61.8062
64.1606
83.9494
84.5848
80.5433
70.2263
72.1922
70.4644
68.4659
73.7497
65.9798
75.8228
84.8985
64.2343
59.9986
70.2395
63.204
80.0767
69.6541
91.6093
66.0066
64.1665
79.2489
90.4358
75.3823
76.0914
72.1309
70.5527
69.9647
70.9871
82.9638
56.1839
68.2407
79.1445
77.5482
77.1678
61.9709
89.5665
66.9234
67.9534
76.2603
80.2654
71.7434
60.5666
71.2187
74.0441
66.5506
60.5531
87.8839
69.3472
80.4691
64.4491
78.0071
74.8443
80.772
56.5295
67.1285
76.7104
63.8715
61.1613
79.7317
67.6986
67.687
91.2533
78.956
76.6288
86.893
79.8624
72.9265
68.0583
70.2776
67.0336
63.7801
83.5669
73.6714
83.6241
55.2851
68.8579
60.1534
50.5495
62.5382
78.3127
80.3237
57.9334
75.6714
62.0761
56.4974
75.3003
74.4139
76.2636
73.2879
62.1969
83.9527
64.6163
78.3672
62.6624
75.4341
66.5592
58.9927
79.2101
68.8757
63.4352
76.7235
55.6508
77.8347
74.9901
58.68
64.7791
88.2424
62.542
67.9287
79.1301
73.2589
68.6015
93.7205
67.0738
83.5946
68.6287
82.7352
85.2106
64.618
73.3678
72.1479
72.3861
81.0196
72.1129
79.491
68.5229
74.8133
99.9427
76.1859
79.2432
70.7676
80.4164
72.251
71.7647
65.4951
65.2675
74.8394
64.3919
64.7949
58.6624
77.9363
75.5694
89.1009
62.7623
59.2201
84.8578
75.6321
58.4169
61.733
62.2699
74.8576
77.7044
70.3754
65.7422
90.1134
77.6194
64.6512
102.637
70.4558
62.7438
65.4003
73.9431
69.6691
62.9198
66.9792
82.241
76.0912
58.4357
72.4504
64.2595
70.0435
57.5886
76.937
57.8818
67.5195
56.7058
79.9766
78.1244
84.2756
87.2299
66.4439
70.2911
61.6438
60.6862
73.9886
68.0929
60.8061
79.6253
70.4435
85.1119
78.4968
68.7517
86.0881
59.9776
61.185
86.8416
76.7898
65.2192
70.7988
66.727
73.1656
47.2836
75.9484
76.1668
73.838
65.046
84.5973
99.1422
81.1383
61.9683
83.531
78.243
64.9549
82.7004
92.9621
78.3578
80.585
74.1742
78.8307
68.2337
73.9057
67.8066
68.8434
81.9363
63.7562
74.1621
75.5437
62.5201
79.2185
66.3341
66.7622
68.6196
64.4339
72.07
90.3427
65.5547
77.492
69.9315
74.6336
71.9874
78.3973
81.828
79.0947
70.8447
78.6607
78.0678
67.288
61.525
64.6514
78.3083
55.9063
80.9853
83.3923
61.9706
85.9363
61.0003
82.8186
72.2325
87.2703
80.1218
62.4307
62.5443
68.7751
80.5784
70.6289
73.7383
64.9209
73.2181
74.8626
52.1756
79.6899
74.3729
62.8166
84.3869
67.4809
63.1485
84.7345
76.857
65.8211
72.3605
67.3964
71.7995
64.5
69.9925
62.5504
86.6481
57.5753
70.1635
87.9708
53.7284
74.8361
82.4027
88.1201
70.3855
63.268
76.6764
69.1917
81.6826
78.3313
79.4061
58.7187
78.1177
78.8751
79.1673
62.9327
77.1381
80.9113
76.6966
63.139
69.0193
79.6641
74.5821
72.2997
72.8222
77.3678
59.0289
76.1637
78.051
61.8393
60.5063
77.8431
83.6084
72.1696
58.1145
94.7951
71.0244
76.3874
77.6422
78.4642
65.9791
65.1745
69.2032
70.4103
67.1984
70.522
72.1666
66.143
71.1115
82.544
72.1334
71.8026
68.3433
76.8348
77.5369
85.976
68.9474
70.1996
83.423
79.3
62.1456
81.4544
70.7336
59.6429
68.6648
63.0927
71.7197
58.9901
66.3204
78.0475
65.4282
63.1355
81.3329
77.5174
75.8049
68.523
63.1124
71.0187
57.2451
68.4163
85.8749
68.1517
68.5435
72.0017
66.0198
57.5829
72.9309
70.8687
62.6222
72.2966
67.5359
56.293
63.4377
69.3763
72.619
89.984
75.7368
60.3503
74.8669
73.1153
78.7031
61.0635
83.0209
69.1855
67.5531
67.8553
64.1863
66.0024
71.4284
72.0598
74.6446
65.3535
86.5244
82.6577
63.4767
72.5718
44.0924
58.6856
67.0309
67.6629
75.0301
73.4495
75.6965
70.7712
65.4361
73.0377
76.4052
86.8959
65.7959
69.723
92.3909
76.2094
71.891
55.6576
64.7227
80.0424
66.7032
71.6899
74.1739
68.647
62.3696
66.7662
65.1607
67.855
60.3678
63.7556
69.4145
75.4988
77.2481
74.7956
62.7846
74.8641
71.197
71.4133
65.2274
73.5107
57.1516
75.5608
63.7936
74.0409
64.3906
72.5876
85.7208
77.0457
74.9987
61.4926
66.4654
72.2641
67.1764
67.2279
60.1886
73.5786
72.3965
86.4373
82.9805
76.6696
52.3094
86.9745
71.9036
68.8393
75.2977
69.1745
71.1237
78.1794
57.582
82.6156
76.9419
86.7318
64.0527
59.9948
77.938
70.9103
64.3354
63.4918
74.7198
59.9089
81.6592
67.0736
76.3277
80.3367
61.1932
77.0096
59.9718
76.6589
73.3922
76.4675
60.0201
69.9789
69.5354
59.9513
64.011
112.689
70.0845
68.0574
58.5753
59.1661
83.0542
84.8546
59.1406
70.9808
72.5225
70.6736
82.9455
72.1996
83.7429
65.4076
84.5527
70.2529
94.9405
71.6841
78.9039
51.4928
67.0762
64.4287
62.1329
72.2357
78.616
63.7098
72.2404
81.498
79.0119
69.144
60.3603
81.6574
66.224
80.3944
66.3937
77.012
68.2231
69.8592
78.7834
61.6307
78.0857
72.0235
70.1405
76.386
73.3238
80.9811
79.767
81.1302
87.6344
74.7377
70.0494
69.2512
61.449
77.5562
67.2178
71.1335
71.569
59.2452
65.8884
65.4916
71.047
73.6158
76.9785
68.2421
89.8823
60.9419
73.7175
71.7205
64.5731
77.2584
68.1264
56.1578
71.3219
56.4984
75.0487
65.5504
87.2821
79.9722
51.3903
70.0796
72.7407
66.3371
70.8554
57.1286
64.7995
79.8057
99.2635
74.7504
81.1155
57.9695
61.0308
69.2662
86.2058
57.8194
75.7444
59.7442
70.5838
68.5879
76.9209
83.3902
63.293
82.8333
84.5951
67.161
72.901
86.0087
73.8663
79.1435
70.4951
57.413
72.8116
67.8117
65.5787
67.194
78.3315
82.3474
63.0556
68.0472
72.7283
76.3078
68.5529
80.0337
48.1304
54.3976
79.4687
69.9711
78.3014
79.1039
75.7786
75.4192
79.7818
68.8278
62.9427
78.5085
88.6024
74.9841
69.2843
63.7343
72.2299
57.0117
65.3899
66.9299
66.9335
58.0777
81.449
82.1629
68.1049
60.2134
64.9337
65.9223
77.9747
68.6714
60.8138
64.0032
82.3453
65.3995
63.8707
56.3077
74.9041
66.7551
70.911
75.7826
77.8093
72.2995
76.701
72.59
85.5225
73.4395
61.1558
75.4485
67.0776
75.7593
83.2198
66.8877
78.7641
76.91
50.2167
53.4673
67.3345
63.2038
72.547
76.4431
66.6532
76.8138
93.5641
72.7142
76.4567
58.0996
61.2221
74.4572
65.5253
85.7223
73.2413
69.1325
65.9912
80.1839
62.2577
73.518
71.1335
61.7189
85.4511
60.0409
62.74
74.4665
73.721
69.8477
93.0869
69.4418
80.4334
88.0541
58.1111
85.729
68.068
66.058
69.8007
82.9688
91.3937
76.5201
75.6097
77.5781
66.5921
70.0074
58.3095
69.304
79.1439
79.8682
57.1293
65.6832
77.4074
69.5664
76.8659
62.2744
57.9824
71.7449
79.481
68.8079
51.9201
63.3463
58.7776
63.0814
82.985
73.9936
81.5213
75.8219
85.888
86.8048
60.981
64.4928
64.192
75.5554
67.9221
71.3299
81.7504
60.7864
60.5013
64.8707
84.671
71.7756
61.8285
75.4428
68.118
74.6075
76.3941
69.9366
75.6445
95.3413
59.617
71.2765
66.3104
70.2286
83.8363
91.0517
72.6045
77.6683
92.5321
74
67.742
66.1219
83.8823
74.2841
82.2817
81.2732
74.0008
60.6809
66.8263
74.4711
71.0285
74.9201
67.6371
68.5164
94.6808
62.5127
80.7388
59.2795
77.9857
57.1713
61.0193
63.4222
72.0382
65.7264
103.995
69.4908
75.4723
71.0588
67.159
77.2147
78.1709
80.4085
51.7487
72.808
68.4078
67.7106
67.2617
75.7528
75.5534
71.1604
48.7649
80.6325
62.168
72.3966
87.634
63.5238
70.652
71.1673
65.9286
74.564
57.2008
76.9874
88.3212
57.7097
65.4511
58.4035
62.1285
75.2671
80.6569
68.0197
65.0697
67.9424
82.7782
62.0777
69.7403
74.0621
55.4448
70.5155
74.6777
74.6553
69.2559
65.7377
76.5926
62.6381
60.3698
74.0699
53.995
73.2515
82.3306
72.3379
75.1167
70.8444
83.3253
69.837
59.5858
79.1608
59.3102
59.6777
69.499
96.6329
71.0651
72.4825
65.7128
72.1518
69.1122
59.7862
73.6638
76.2644
74.4799
62.2658
73.7408
82.769
78.0357
63.2268
65.16
73.0831
64.6579
69.2252
82.1109
71.3156
70.906
59.6232
76.1519
77.7557
74.6666
69.5913
68.2416
77.2833
66.4494
59.096
81.652
65.4623
68.1628
64.9538
79.5072
62.3215
80.3322
66.4524
80.5671
96.5718
63.9595
71.0349
79.4158
71.0726
80.7658
74.1219
71.5318
63.8822
88.5607
94.6968
87.6587
71.8733
53.2167
68.6508
87.3315
68.0607
84.0742
69.2174
96.8708
64.6419
69.0605
75.4781
68.0709
73.9856
80.3621
68.9435
79.0292
77.9412
63.6519
73.7043
77.6444
94.2675
63.5176
76.0172
68.55
70.1357
66.4591
77.7349
53.5233
89.9091
65.0976
75.3765
79.1062
64.6482
65.4427
77.1838
58.9709
79.8193
55.7531
65.1467
75.8468
55.4492
76.031
85.6821
77.5019
72.3529
57.8979
55.9299
80.7768
60.258
72.9556
79.656
78.6667
72.6264
62.4283
73.1428
74.7064
77.0225
74.951
75.0181
76.6313
77.3629
69.5315
69.9172
60.6338
66.735
76.6387
66.4266
72.0277
61.7749
74.1511
79.2389
65.1628
65.3709
83.7302
83.3434
60.2787
58.5159
75.6138
70.047
76.1974
60.3239
74.2135
80.8528
90.4348
64.2499
71.8729
81.4109
73.4255
83.8877
66.0409
81.0098
60.31
57.6707
90.445
60.9341
66.1949
55.7773
73.8915
58.3812
66.3628
68.4088
65.5874
71.5551
56.625
60.342
81.9321
57.2613
71.526
53.0124
54.095
69.2821
85.1669
69.0715
77.9705
84.8442
83.6293
85.7236
67.3158
67.4973
68.9046
71.9787
79.0069
67.1503
76.4208
67.9733
64.612
74.765
52.0466
74.4542
52.6328
87.0087
63.1337
74.7943
76.6117
61.074
70.4471
83.3797
61.9112
71.3555
66.3158
73.2187
63.4267
75.4853
63.1095
69.7413
85.8668
83.1065
77.9061
71.3863
79.1141
83.3019
84.183
86.8647
66.2686
66.0689
63.6361
73.1053
74.005
62.1338
69.0881
87.3126
75.7353
79.6648
68.6928
77.339
69.6698
72.8941
76.1368
94.5671
65.1985
69.9308
61.6959
53.1058
63.7683
69.7988
72.4958
59.928
62.1647
90.0626
65.238
60.6245
72.4642
69.6581
77.2874
70.4009
78.9627
75.5266
80.8444
78.6451
66.1161
68.5177
53.3693
54.5876
71.5908
68.0361
71.2671
78.2465
71.1518
66.6609
83.148
82.8414
78.3404
58.1014
70.0133
66.3728
73.2864
73.6521
91.9382
57.5242
68.0204
73.7964
82.4314
60.9935
79.7675
60.75
62.6984
69.9877
70.0244
72.5678
68.2418
56.4109
91.8482
68.9288
76.1496
60.2933
78.8576
75.2218
67.7199
75.3928
86.9754
71.1547
69.7118
66.3966
79.2508
70.4299
61.7118
64.5362
67.8147
82.9617
78.8384
77.9927
71.303
77.09
56.4353
82.3378
86.7892
66.3488
73.5919
76.3674
66.948
87.3274
79.7177
75.3033
75.8267
68.9349
86.9502
70.7808
88.803
77.348
65.5823
74.8956
74.1199
67.2709
68.7611
68.5152
72.3657
67.9041
77.3131
52.9899
65.5999
84.7874
76.2407
88.0934
61.1262
73.6782
83.7941
75.5223
89.4045
70.3212
