81.9351
80.1529
81.5703
75.4687
99.784
98.9772
76.8858
77.5086
93.2978
99.1374
105.185
89.8867
82.9528
90.3888
76.4272
75.7945
80.9662
85.0172
75.1406
78.0164
83.713
77.104
74.0857
97.8787
92.5398
78.5434
83.9545
90.4781
86.0292
73.1129
83.1748
79.86
96.7321
92.3519
101.238
75.6623
77.5483
87.4238
94.1505
80.2694
73.3733
78.7245
74.3544
91.9334
95.6977
90.1523
105.021
76.9799
97.763
86.314
79.7299
89.1367
92.339
89.1985
93.7431
80.6266
78.5439
91.3904
79.4077
95.4121
77.9987
85.449
94.517
90.5175
65.7287
103.273
85.8615
78.8855
94.8972
85.7532
96.7972
81.9045
82.3514
85.154
88.6838
82.927
81.7123
97.6648
94.2425
74.5458
77.6289
76.4985
101.848
98.0294
97.1293
84.4811
97.1604
80.6757
81.0763
97.6874
86.9086
76.1088
72.4714
83.565
83.1687
84.1496
75.5291
77.6945
90.9403
85.8591
84.4325
90.5334
99.8939
102.867
111.136
92.1698
101.115
95.2627
75.5816
88.9693
80.948
93.3167
79.0298
81.9014
86.2849
92.823
89.5938
85.2385
89.3293
84.9333
94.9022
69.1463
94.3841
96.0615
81.9287
70.8061
89.6521
80.9422
90.2013
90.7336
90.3491
85.4299
72.3991
86.0254
67.5646
86.8017
68.8181
90.1518
79.3958
86.6846
76.9628
85.1187
81.9953
76.3428
100.561
81.7759
93.7378
88.2031
83.0878
91.11
91.4136
76.8632
72.3653
82.3721
68.6971
74.4687
98.2864
82.1114
78.8441
98.1584
93.3322
67.6818
93.6347
88.0508
87.4039
72.5239
84.9707
88.8886
90.4136
67.991
91.9032
97.7042
89.3634
82.0786
79.7446
95.4203
74.8547
95.4453
91.6108
69.2499
88.2335
87.394
86.847
76.0185
93.9437
84.6144
84.5949
90.6167
62.6518
83.2585
81.7509
73.3642
78.0569
87.4214
79.8923
92.1596
87.0823
92.7715
80.9214
98.4994
79.2289
89.4062
74.9776
101.092
65.3104
93.0751
77.5854
69.3543
77.7826
63.2274
73.8815
85.4763
93.5917
91.6538
92.984
71.8222
80.0236
92.2338
75.5983
74.1923
94.253
92.1299
94.7605
82.3812
88.2722
104.595
100.435
83.4771
70.8885
85.5217
83.6347
85.4691
82.7283
67.7426
82.3735
93.7761
86.1294
76.9852
91.2165
73.3967
92.9337
78.9738
87.8366
108.835
79.5923
86.7191
79.0079
87.7667
74.4536
79.9042
103.967
88.2863
82.3924
97.0404
100.362
91.5971
88.1309
79.2111
80.5806
88.1108
80.7237
101.267
76.438
82.3565
82.5838
100.261
72.9445
74.5556
72.8554
101.755
90.3996
79.9775
78.6871
84.4635
78.8946
88.0053
85.649
85.2598
87.8567
75.432
87.8833
87.5593
80.1656
97.6967
72.6689
80.7666
89.1507
92.6862
85.0946
75.0975
82.3473
80.6439
82.3245
78.1189
77.0545
76.2996
82.7973
71.4236
85.6663
74.9738
86.0221
100.232
90.2268
68.9417
92.5454
73.9535
80.6984
93.6017
97.1845
93.7429
93.5821
88.2692
83.5288
88.2391
89.7252
82.6314
88.7126
73.7545
91.6774
81.7329
81.5204
83.8178
91.9257
94.8831
84.5806
78.8712
76.2883
98.3484
84.6978
96.6075
81.1189
83.9242
96.4883
84.5897
98.0458
76.3455
80.8452
90.7883
87.5571
75.6373
112.649
79.6702
75.9877
87.3517
79.3185
90.2458
67.8561
74.376
86.6188
86.5733
69.2767
90.1987
95.8209
94.6999
100.424
85.8498
68.0951
91.0912
95.2302
88.6934
95.8242
92.9042
107.83
102.147
107.778
76.7756
99.1006
80.1057
83.7606
92.6895
76.4799
80.6778
85.6447
95.7444
104.462
74.6719
82.6948
102.016
73.7357
100.426
77.3114
89.4806
95.7778
82.2883
94.9569
86.3367
100.787
84.7168
96.9459
84.3816
76.8291
91.4769
68.1187
74.0297
94.354
75.5576
67.791
78.6283
88.5769
84.7092
78.0331
72.8253
81.8659
77.0841
87.6228
103.808
88.9655
104.677
75.9365
74.7652
74.5555
112.868
75.7973
92.1915
106.75
70.2217
86.4479
80.2478
57.0051
77.7255
82.1723
77.6815
80.048
76.7592
87.2781
67.8746
82.0136
78.6249
83.0291
78.7224
89.5396
73.5756
84.2594
98.1886
124.151
71.1627
97.0075
83.8093
73.1309
87.6818
80.4676
75.435
105.596
78.8405
75.4209
92.8634
84.3674
76.0573
96.3078
77.6348
76.4855
88.5508
94.4275
71.7551
90.4359
92.6572
84.6897
82.429
79.6545
87.6358
84.4791
87.7079
89.217
99.6623
78.9422
89.927
88.5298
86.1635
78.6321
80.2176
73.2519
84.7405
99.2639
78.6114
98.5714
58.6802
74.6511
71.8561
79.8491
96.0364
83.7158
56.4398
94.3689
73.3796
105.894
86.0604
105.551
87.1405
99.239
91.8447
85.1844
86.5541
114.555
112.071
72.3818
94.9882
89.2324
75.7915
76.1972
95.0752
90.555
94.053
75.9706
81.6145
91.4124
86.1454
75.6556
92.3982
69.3106
89.4621
72.7852
68.282
87.2131
82.8635
81.7495
95.1285
80.7851
84.5402
80.5371
79.7931
81.5085
72.458
70.5138
98.7273
71.9616
86.6789
66.3408
82.7547
79.9497
77.7464
79.977
67.9043
98.6354
74.3354
95.1876
79.6737
68.1355
84.8797
86.6735
87.9675
89.5958
75.9871
84.1749
99.7463
68.5726
80.1678
101.607
92.0921
84.9151
94.3219
87.2111
84.5286
90.5143
85.5224
69.8869
73.944
84.9127
90.6969
88.2397
76.339
69.8882
94.7358
86.7237
69.5231
80.0306
84.9614
86.544
84.1291
76.7713
80.1456
103.285
96.9123
98.2503
84.887
74.9667
79.6891
93.8364
85.9674
92.5131
119.126
68.9589
66.7256
84.5967
87.4053
100.384
90.4413
82.9832
81.823
100.201
85.1971
85.6086
76.7312
88.8326
94.2719
83.2456
81.9657
85.2906
79.3287
98.3907
97.1555
79.0152
84.0207
86.8789
89.6496
76.6374
83.2441
93.5345
94.5577
73.7446
87.3851
74.278
85.3081
87.3428
87.9888
95.4674
98.7575
87.0808
86.7511
80.6951
83.7804
77.5536
86.8362
110.403
100.029
81.8538
93.4862
77.3947
86.6768
110.325
84.6391
92.4575
101.814
115.481
88.606
100.439
82.9594
69.1864
79.5
80.1461
98.1349
90.9106
90.8763
83.2558
80.5512
81.4106
88.6024
82.281
81.3876
95.7789
87.8641
93.4658
89.3971
72.3602
91.2543
78.1483
95.6455
69.2827
91.221
81.6748
100.256
80.8046
68.1511
86.1647
81.5638
88.0105
78.4733
91.8224
90.3653
89.6396
70.0905
89.8221
86.7967
92.1627
89.8664
97.006
91.0103
93.5544
81.3774
84.4111
74.6656
86.5621
97.4799
93.9642
82.7435
87.8302
92.3285
81.6892
85.4182
93.9274
80.2659
83.213
79.3242
86.353
72.248
93.9887
94.8088
107.858
92.8827
79.3575
98.9072
70.3422
91.8852
80.8534
83.5252
84.2081
97.9973
105.955
77.2179
66.375
77.4526
73.4988
78.3236
106.755
88.9338
70.3384
97.1863
98.6163
76.3052
90.867
86.6952
95.767
97.0713
65.5143
88.7469
83.3539
86.6492
94.3376
78.5839
99.9751
92.6299
89.4165
81.2093
97.1203
92.883
97.6219
67.0382
55.2389
78.1594
69.0506
94.021
82.4982
82.6699
74.4592
84.7498
89.1078
80.5354
77.1846
93.7255
85.8498
85.8594
93.8516
98.8539
80.2014
88.4937
95.209
86.0905
90.7208
80.6238
91.8208
107.711
90.7744
89.9958
91.4477
101.6
79.6706
73.6667
111.738
90.6542
89.0486
77.2198
80.8728
69.7628
79.7791
79.3751
93.5838
97.3402
66.2558
90.482
92.9164
94.5527
84.5031
71.4329
83.6312
93.044
81.0928
81.4654
76.6779
94.9342
71.595
82.3277
88.1442
84.2848
99.6618
94.5117
78.3524
94.107
91.4955
89.2503
73.9865
85.7991
93.2541
90.7143
74.4594
83.7972
87.7899
82.5535
74.2542
102.1
81.9419
88.8005
91.7271
71.8073
104.003
70.1312
81.7688
106.02
72.7619
83.2619
91.753
81.5769
90.6448
76.7345
101.964
101.512
82.6236
107.735
73.4168
97.4185
85.2194
79.6861
85.1099
88.3621
74.2492
88.3286
70.0025
77.4226
91.7805
90.0611
92.8485
94.8819
85.7952
83.1247
92.5336
93.1556
83.1405
93.8332
91.395
89.9601
83.0449
82.3394
91.8038
84.3535
74.3802
96.43
74.0416
98.6735
82.0796
72.0606
85.1224
89.1478
87.9874
71.1866
93.0244
84.1394
86.1631
87.6583
84.4585
71.7638
98.5765
99.6894
82.434
75.043
78.0364
100.137
94.7455
77.1581
73.104
93.9847
96.8521
86.5378
75.2527
82.1871
79.3158
75.4518
74.4623
86.1834
87.7094
92.1158
98.2268
88.4528
69.9254
85.8366
95.7468
80.1183
86.1359
93.9403
87.1579
101.795
77.2681
93.9825
71.9001
87.6239
83.4471
85.1664
91.3932
85.3315
92.0971
68.5991
96.8311
80.1708
71.2508
93.2181
66.5788
91.1493
74.4915
92.0716
95.2798
88.9531
97.7152
89.0484
91.7679
90.5309
95.4718
96.9466
80.3262
86.2497
66.0029
82.4037
84.4607
92.4552
86.1287
84.4847
78.1638
74.9343
83.4303
88.9654
98.538
68.5466
88.8353
88.4894
81.4987
82.6807
95.4781
72.9469
76.2868
86.1149
85.8913
81.0861
83.1496
73.4412
91.3927
80.4827
91.6316
77.8929
84.6988
87.6354
83.5426
103.906
83.3303
77.7486
75.3751
90.2593
92.742
79.9353
95.0167
72.0093
97.2659
74.492
87.2678
102.702
100.332
88.6849
87.3277
89.8468
86.4747
77.2192
89.1823
83.2447
87.8398
81.2567
90.2674
86.8341
66.7541
78.9378
85.0372
84.9035
88.0628
93.6602
78.3528
79.1487
99.6815
91.3667
104.798
74.8691
110.029
98.0101
97.6889
77.6353
88.809
84.7618
81.5361
87.4871
77.7933
74.6793
89.3699
71.1591
76.7387
88.401
98.9296
85.776
85.5125
76.3943
96.0916
85.7592
70.7074
67.708
85.7265
69.5616
89.0728
80.5487
105.628
87.3499
73.4677
96.6766
82.2388
90.6392
89.9488
95.7861
85.3758
90.7386
70.5756
78.7486
67.0754
95.235
89.9394
92.0943
76.5802
68.1922
97.9569
92.8333
94.5782
74.7317
73.3865
76.7355
80.066
81.6347
93.4766
107.221
82.8353
80.1091
86.9543
97.7779
74.9435
71.2198
92.3998
81.7192
73.9363
76.1991
93.4134
70.4399
74.2788
80.8039
89.9921
82.3594
78.0549
103.826
101.92
98.497
99.4754
83.5265
89.0765
81.0786
84.6908
82.5927
91.8328
80.9211
108.322
93.5139
95.2996
74.4811
89.3356
68.0718
85.5268
74.2209
80.4129
72.6761
87.6032
98.8764
110.243
92.2303
84.3895
75.0155
71.4119
71.1434
83.4811
79.2254
98.7271
78.4986
99.9801
95.8599
74.1612
89.2064
70.3653
85.3981
69.5695
82.7443
82.2432
103.014
104.799
78.7766
77.5496
77.0267
82.0338
82.9332
110.826
89.8322
72.7404
96.6592
86.3445
87.3574
71.0851
80.6459
86.0395
88.5044
85.3831
94.1735
90.3699
78.1498
79.2888
80.0264
81.1067
80.6944
87.9792
89.6709
83.392
78.7471
84.1543
97.949
78.4774
93.1702
77.1574
90.2844
65.4943
67.9877
72.564
74.6467
102.001
96.387
87.8068
88.5146
97.5792
83.9554
101.96
82.789
100.083
98.6629
79.2534
82.0023
107.614
79.921
95.9682
89.5444
93.3704
86.4741
80.2744
81.307
86.9974
77.1489
83.2792
106.803
85.0845
71.2922
77.5251
78.0248
79.961
85.4008
65.2363
84.4724
89.7975
73.0019
106.282
97.0146
82.3159
72.787
76.6927
80.8897
85.2119
84.032
85.2048
80.0522
85.0923
87.866
86.6264
75.5447
81.4259
85.0981
99.1311
99.5612
77.7323
91.2999
86.3024
103.489
84.9758
77.4361
99.153
80.3312
80.8514
90.2804
84.1464
74.2209
98.2052
78.6575
82.3518
89.3423
92.8274
93.2039
88.5067
77.7323
92.9157
100.398
75.9419
99.2566
76.2704
88.6506
87.1665
105.188
110.137
70.6566
88.5558
95.5873
83.2392
91.961
89.2275
87.8173
96.9025
92.3274
73.0846
104.716
89.5765
74.1358
79.4962
76.5518
83.957
101.636
93.7195
76.3373
71.2882
57.1415
86.5747
89.5836
97.7927
73.1119
75.1398
83.6227
100.055
100.362
87.0269
79.8656
72.2637
97.1247
74.6771
90.7223
77.0895
81.82
91.367
68.756
80.6381
67.9954
76.7095
88.7757
80.0164
85.6838
102.604
91.9049
79.8152
84.8209
107.576
70.2396
70.709
96.8674
88.6854
97.0215
63.4652
81.3315
71.793
91.3761
81.8606
84.4878
79.2145
96.3426
87.7756
82.7592
83.0501
83.5382
98.3188
78.696
84.1253
102.163
105.536
78.2042
85.9381
88.8783
114.115
83.1312
78.8324
88.7809
103.642
99.7673
75.3345
89.6935
71.8913
95.1566
84.5637
87.8898
109.209
77.5523
94.8837
75.6298
83.1021
109.241
90.4465
85.6767
99.4312
79.0958
87.9799
88.9305
85.605
82.0131
89.3194
84.8978
70.0449
96.3509
94.5974
72.1479
92.746
98.8428
86.6355
88.9795
94.5859
93.1396
92.2875
63.4148
81.7648
113.901
89.0193
65.1825
75.986
96.6775
85.5248
98.7036
77.2001
82.9719
70.3615
82.7028
72.5095
90.9631
81.211
68.1414
81.8604
107.722
92.7589
75.2928
79.2459
77.3778
93.1222
90.2406
88.6466
89.027
99.8192
79.0908
90.3883
74.4334
90.9935
69.1818
84.6958
82.1376
83.9938
88.4662
89.2863
68.8642
104.694
82.0289
82.6167
98.4366
92.9186
96.2185
92.2605
76.1675
90.8664
72.7296
83.1689
70.9571
112.476
72.8356
85.2668
80.3406
88.5188
89.0208
86.8357
88.1892
94.3923
88.9687
90.6385
88.3735
84.8007
99.5232
79.6031
83.466
95.1482
74.2767
77.0495
98.9266
84.4919
78.4697
92.8392
98.988
91.3239
81.849
72.0301
81.3246
92.905
93.6261
108.185
72.9754
89.211
85.3016
89.0893
105.726
74
86.4543
88.9635
83.5241
86.3045
69.9878
72.6505
85.8138
92.0301
91.1075
68.6847
95.7919
76.5616
81.0143
75.1196
79.2376
84.348
78.6354
93.3003
82.2409
67.4421
64.0989
75.9186
92.5922
95.5769
89.3286
99.4539
79.0511
74.5194
94.5377
99.3215
84.8556
87.573
88.8878
84.0195
80.2505
86.1924
77.0312
85.9326
85.5656
93.3213
76.9204
75.4356
78.8069
76.664
90.1342
88.8707
92.6024
75.2128
89.6263
89.457
83.1383
97.6294
86.8688
82.237
88.5447
92.36
89.2135
75.5594
84.4336
93.7109
96.146
69.008
85.4202
74.3255
89.3817
91.1398
82.7938
79.1261
101.281
97.8683
86.7275
83.8884
68.5018
89.5648
63.658
107.544
82.1586
89.2851
75.8403
85.0175
81.5441
89.6993
85.2056
90.7826
76.1462
93.5773
80.8118
81.53
83.7333
108.45
89.6731
85.7344
95.0129
89.4859
106.209
96.0398
74.1894
76.8172
69.4887
86.6923
100.911
78.6104
103.163
84.3828
76.8813
79.1055
95.48
71.5082
63.5893
76.7375
89.6986
90.2279
81.1502
75.5802
72.1014
85.8357
82.1747
79.8986
80.0372
75.3758
94.097
85.3734
73.6107
84.7653
90.2124
92.4712
79.3379
75.5232
81.5448
69.1725
85.512
83.5801
69.9431
86.3927
74.0429
86.0036
99.303
112.273
99.8539
83.089
87.4318
94.6485
72.3193
69.6984
101.864
69.4242
73.0825
75.4331
84.0706
85.5166
83.981
94.1142
85.2038
77.6056
83.5398
70.0275
84.9614
93.374
109.85
83.8457
94.7225
71.8112
86.5515
89.7049
91.896
86.4928
82.0924
88.3326
89.315
69.0871
86.7364
83.9369
81.8881
87.7283
83.2297
81.6829
103.287
76.1561
98.3034
80.1575
104.36
80.2923
92.3064
83.2916
87.5086
69.6759
85.3951
87.1067
81.3876
91.7545
69.3317
70.8555
84.3796
91.9175
86.6918
78.9798
89.7306
66.3109
83.3512
85.1476
94.5217
85.6135
102.09
56.2116
70.1467
90.0153
81.1824
86.5638
87.7109
94.8134
83.0569
90.4393
84.2237
91.0818
74.3702
84.4474
88.7039
91.6765
92.7137
81.7602
90.6038
91.7223
87.1027
75.9221
83.8261
86.4708
92.7463
83.0336
70.2439
79.2206
81.5143
77.7076
94.4288
90.015
77.4235
71.1896
85.7854
85.7677
86.277
76.3844
69.0038
68.9842
88.4119
95.2651
75.9504
80.9777
83.1596
90.6735
77.9269
95.3538
79.2695
99.0677
85.9591
87.1886
78.7325
69.0816
82.9736
70.2204
79.9693
59.8031
88.1278
86.788
86.7737
75.6138
94.2162
78.2863
73.314
72.8944
96.6556
93.6621
83.9416
87.9453
89.5081
90.3554
90.1632
84.5667
96.1645
95.8608
97.4899
87.2322
86.7539
87.8252
82.612
79.3551
83.4277
82.619
83.2877
75.5563
95.7138
69.2768
78.9324
86.9567
74.9282
90.7129
84.3644
94.827
75.3111
83.2468
104.223
95.3005
85.1042
81.0209
83.0627
75.1868
74.702
101.132
77.4846
89.899
87.7462
99.4002
77.4923
83.3916
65.8739
79.8364
77.6951
72.5251
77.0425
74.4642
83.3183
96.8486
96.0304
86.3771
79.0155
79.8609
102.601
67.9096
95.7851
81.8783
98.0098
94.1198
77.6974
79.5471
97.9412
80.1812
65.2697
77.6047
107.916
86.2207
87.0018
96.5666
89.2581
92.132
84.2964
76.7953
83.352
114.644
81.7187
83.5062
71.1323
88.9653
83.7677
104.249
76.9652
83.0577
85.3968
97.825
72.1464
84.746
83.842
80.4495
93.0848
83.9666
70.8381
96.4033
90.4089
87.4293
81.143
80.9157
84.2639
79.5101
77.4942
94.6286
76.2804
70.683
66.3797
78.4825
79.0237
95.705
73.2015
79.7909
73.6129
81.2507
65.3239
90.469
79.0846
84.0358
92.5386
82.1217
70.8258
88.7018
79.1282
70.1483
92.1808
83.5561
84.6537
89.6038
80.9136
69.2717
63.3239
77.7515
87.465
87.2066
85.1977
79.0705
82.1525
105.431
108.289
75.2477
92.262
105.372
83.6812
78.3187
74.4749
75.5163
84.8588
80.3097
75.6635
81.2357
91.1463
89.3347
66.8929
92.3397
77.1401
91.7764
90.3604
87.8229
74.7461
87.6548
81.7509
83.9864
80.7804
86.9795
94.282
90.3406
90.1132
91.4196
79.5105
84.6603
90.6102
60.1532
68.4257
83.7613
86.7383
73.6175
92.1574
108.693
73.4596
82.6905
84.5905
91.6311
77.24
85.7621
90.1493
86.0754
86.2009
82.329
84.843
86.3871
79.4648
79.654
77.3883
100.559
74.5378
91.0128
88.8917
73.0957
111.076
82.8462
87.5237
110.079
85.6729
90.2916
90.8971
102.402
73.1267
82.5168
78.7905
97.7208
86.1204
84.8958
107.577
81.0511
91.8361
96.7568
76.6344
96.2689
90.0146
82.3176
89.2442
86.5409
87.8336
86.4139
84.084
93.7442
87.2543
81.9629
78.4357
85.9006
64.9086
84.903
87.9268
69.4197
85.4633
98.9648
67.5291
85.8209
86.8156
83.3378
67.5044
93.9747
80.647
77.4585
88.1945
89.6645
89.767
80.9125
80.8882
104.423
75.0403
85.0298
72.129
86.8963
73.2731
102.331
74.9199
90.9897
95.9443
90.4335
83.9564
90.8795
82.4798
98.4108
79.0433
71.0625
87.1984
78.8875
86.637
89.2475
98.1364
96.2344
81.998
92.5691
93.2942
90.1228
81.8124
87.7641
94.9734
90.2654
87.6574
69.056
83.7145
88.7047
86.6444
80.3538
92.1997
83.7085
96.7642
76.4963
84.8744
73.9098
76.972
71.6499
85.378
79.9552
88.7664
91.6518
68.9654
103.718
85.9976
80.016
77.6644
89.7209
77.2984
89.3259
85.8465
79.0385
72.9975
75.9188
103.771
73.6823
91.0018
75.8791
80.455
79.9093
85.4587
85.0489
99.3506
92.9676
74.9695
87.8259
84.1702
93.0752
82.8974
98.4095
81.2773
84.7821
93.1381
89.547
66.6742
88.4781
72.1457
74.3027
99.048
99.3484
76.9681
85.0757
98.624
82.6138
75.0999
97.7513
77.3523
94.2141
91.1403
85.9946
87.1201
81.9197
75.4162
83.6739
67.1488
107.745
101.419
97.5431
76.5076
104.304
80.404
78.9698
73.9944
72.5894
101.856
83.6426
68.2372
80.2975
83.255
72.9503
106.216
92.064
70.3217
99.3695
96.4973
83.0166
84.8909
81.5111
72.2851
96.292
86.1683
107.528
80.5886
80.6449
76.0488
74.9891
86.115
83.6748
85.0713
69.0592
82.7756
65.6055
88.0052
89.2699
86.8481
87.0252
69.3312
88.5042
86.5028
79.3295
71.3892
90.0029
82.1144
83.3515
88.5
77.1179
86.4138
87.492
86.5781
80.3046
81.8959
86.0996
66.4094
83.2277
77.6794
82.2781
82.5572
91.5202
91.8732
86.8451
78.929
78.5471
97.0704
73.6321
99.3335
82.468
83.9301
78.7457
79.4016
87.3025
84.4121
89.2685
83.7521
98.2981
86.1554
81.4755
87.8212
75.3002
71.1246
83.1363
93.1595
99.1166
99.0233
107.579
75.7346
78.9992
86.9634
84.9459
76.9277
86.5745
93.1464
103.029
84.8122
80.1362
79.4324
100.144
88.7519
93.2032
83.923
79.0252
72.426
87.4545
79.1929
92.5509
76.2978
98.0533
76.2823
93.0054
103.125
85.1912
87.516
85.1258
60.3025
92.7803
91.6845
73.5189
82.9797
78.0149
80.4971
81.5272
82.9061
94.4887
77.4274
95.1251
90.1207
90.0827
76.6652
77.6575
93.5121
73.7807
99.884
88.112
105.82
82.1369
99.7896
75.4205
78.1599
76.3089
80.7366
83.8225
76.2033
66.4098
88.0128
82.7966
76.1295
100.571
99.137
75.3504
67.2695
88.2214
94.1194
86.1383
100.308
97.616
98.3613
87.5717
86.8335
89.562
84.2013
86.4529
79.6719
82.8521
81.3582
91.408
87.3072
78.444
74.6774
69.6456
87.3579
90.0948
90.8268
76.8011
86.3919
72.0586
74.259
85.3468
88.8468
77.7442
71.1707
87.894
87.6286
74.2581
89.9083
92.9136
89.2182
84.7534
87.1275
88.0271
89.9215
67.0187
69.3684
102.919
87.3086
87.692
78.9463
78.2992
74.7025
94.9229
93.9938
78.2999
84.5215
90.1058
81.471
97.6461
93.9153
73.7173
94.0856
77.3378
82.3179
82.5459
87.7401
81.8115
99.5146
92.4585
83.9432
88.188
70.9256
93.2732
84.381
108.615
89.036
91.5822
85.5687
89.8356
95.3894
82.1093
83.1372
74.2731
94.1488
80.7659
92.2991
95.3254
95.79
74.2682
86.9045
92.0999
80.7642
82.1888
77.6664
87.1112
81.8196
83.2379
103.053
65.7731
106.363
97.5478
92.7439
101.337
102.406
64.9372
98.114
96.1263
74.9138
83.6641
88.8862
89.8835
83.7177
95.6904
69.7688
64.9584
82.6493
75.911
70.3191
86.9039
69.6553
87.9533
83.2568
82.8206
76.8891
75.1234
83.6173
90.5849
69.9432
93.0097
80.608
71.4249
89.8203
75.2993
77.6039
98.0021
69.0089
93.4382
88.5545
81.9278
79.796
92.9458
85.8764
98.2153
73.6716
93.8351
79.6719
93.3293
87.7331
77.9014
113.822
89.6629
97.8159
92.6572
80.5595
82.17
70.4681
72.6488
102.804
103.417
90.1629
93.3215
71.829
78.5644
83.178
91.055
89.181
68.7555
79.5416
91.2333
87.5992
81.0146
62.026
88.2922
84.9834
89.3129
74.8803
92.4234
79.9434
95.3175
65.2967
91.4261
82.5075
104.587
67.3246
75.7596
87.4181
78.4114
74.1846
72.7152
88.8939
93.7864
76.4681
94.2503
85.0469
82.9881
100.125
91.8337
89.6137
84.6001
81.3637
99.2607
72.5658
86.2369
78.149
92.6537
81.0166
86.671
89.08
86.5153
86.1402
79.505
94.8333
81.1276
88.284
84.6065
81.3862
87.2352
115.978
91.1781
88.4571
80.9906
76.7488
77.6988
78.6891
84.2915
75.2878
96.8149
80.5185
92.9646
99.6657
77.4411
77.6994
82.982
85.4106
102.673
74.8947
69.0509
74.2903
89.5674
76.9
87.9263
76.7715
73.2474
80.6873
83.1208
71.3592
78.9752
85.856
84.6256
76.6608
98.3336
105.073
79.9132
86.1236
94.709
91.2431
80.159
92.5769
76.8022
78.8779
85.0487
74.5209
97.7972
82.4996
102.901
108.09
85.2338
73.2136
89.0313
82.2244
81.9543
99.8389
84.8873
88.2989
74.6681
91.2792
74.535
96.5692
99.033
90.9172
79.3498
67.6108
79.3888
78.136
95.765
76.1454
84.9222
88.0271
85.5622
119.288
79.7375
95.7569
76.573
94.1612
82.8129
65.8678
101.948
81.7493
93.8281
70.3576
90.4876
80.403
80.8214
78.7638
98.4698
84.9363
87.9665
66.8628
82.3908
85.7509
82.3712
86.3361
94.7458
80.2895
77.5654
87.312
109.557
79.0234
89.6936
88.0656
87.0243
88.8102
91.6927
66.7862
78.2867
70.1853
91.9826
85.0937
120.193
94.8477
83.5518
71.4059
87.4545
77.6002
88.5327
98.5537
69.2886
103.575
87.6097
86.6276
77.1536
88.4604
106.152
93.4659
81.1529
61.5027
101.545
81.4161
96.9373
80.9691
87.8583
78.5572
81.6291
93.7234
93.017
88.3677
109.041
91.1027
85.8257
94.7536
93.0861
81.4867
93.253
95.8318
83.7917
69.3923
80.014
116.07
101.429
79.5496
85.9449
75.672
95.9281
79.8888
86.5396
82.6757
77.745
84.003
89.6897
102.693
94.6674
74.4603
78.9024
115.179
72.2429
81.3658
100.085
72.7218
75.3868
85.2776
94.0832
80.0501
71.521
91.7732
85.2829
86.4888
91.5437
89.414
82.206
85.0489
86.7865
71.9911
79.2298
110.743
70.6809
88.3357
75.5124
99.0453
81.0317
89.6867
93.9421
111.695
96.0393
86.222
88.3476
93.5223
72.1629
78.7761
85.2886
93.9053
89.9002
81.6081
90.9081
76.3461
88.4988
108.906
85.3997
87.2243
92.2738
76.8407
85.7888
70.899
71.4656
80.0092
83.6645
81.3434
89.959
95.7666
97.9804
92.4878
89.8565
105.036
84.0681
76.6275
76.9977
83.5771
93.5554
90.2306
99.5657
104.838
76.5501
93.0559
70.2035
88.8203
99.3668
69.5494
90.7849
82.0959
77.0762
92.2582
75.9541
97.3671
96.7314
83.913
92.9552
89.304
94.1614
97.1889
97.4693
90.0355
87.1481
93.3949
94.6688
75.8424
79.3146
83.724
70.841
85.2177
79.079
82.9685
78.1335
88.0308
111.843
94.7374
74.9133
82.7241
77.1136
87.9168
89.449
99.8501
99.2667
72.1902
90.749
77.8882
96.8902
86.9568
80.9179
78.9687
115.393
84.3461
107.957
90.6894
100.5
92.5691
77.6673
94.2317
84.2004
86.3849
63.5976
71.754
96.2683
74.381
88.881
92.1239
96.5623
78.8028
74.9567
88.7179
84.1156
93.609
83.0253
101.599
77.0492
98.9757
90.1323
83.8964
88.1724
85.8538
82.2323
97.1026
73.8636
101.111
82.2599
98.0533
94.8758
82.8947
88.2407
92.5373
93.286
68.6327
74.2501
82.8345
79.3753
103.072
97.8999
75.6177
70.5698
97.3363
78.0295
74.5258
92.9953
83.1053
103.033
87.4865
83.6055
85.8604
74.6731
82.4458
92.362
90.2299
96.4451
69.22
88.4249
94.7714
105.058
83.0623
74.744
95.9893
104.174
65.0482
86.6309
80.184
88.3124
93.461
82.7739
88.8869
98.8951
86.2009
93.0903
83.2258
79.9792
79.5301
84.3785
96.9866
82.3862
82.7093
71.3737
80.0413
85.7433
86.049
89.5257
84.3105
95.9513
76.2919
96.6412
79.4624
100.633
92.0409
94.1478
99.2319
105.393
96.7058
92.5352
83.3658
80.2566
73.3983
77.6946
72.1964
58.916
78.4819
91.6325
94.337
92.154
79.5911
119.071
85.5992
86.4825
75.4772
75.9157
93.147
71.9667
88.8559
85.3911
84.1445
87.9216
81.8305
76.6433
74.5434
85.2889
83.3446
83.4391
87.3882
89.974
82.338
87.2787
81.1874
65.0061
101.765
91.7979
81.7053
72.9993
77.1756
90.858
93.3896
105.372
86.649
70.2473
99.4791
95.3089
84.2545
80.5525
92.8735
90.0482
72.2396
100.493
89.0906
91.2306
81.3502
87.283
86.6915
86.5301
86.7647
83.6388
75.1168
93.3061
112.967
98.3738
78.4314
84.9456
83.5515
74.7928
76.09
90.3736
86.69
77.547
100.596
69.9021
82.5667
87.0121
71.8591
83.787
81.1415
88.6262
77.1458
96.1091
97.8765
98.3451
101.112
79.6805
67.1942
76.8347
102.646
98.7363
85.7995
78.6512
80.0493
92.9672
82.4112
83.0382
99.5197
91.122
97.5773
92.9645
90.0238
79.5786
78.8538
96.3663
72.8527
77.8529
85.892
88.8438
83.6781
81.4836
81.1048
85.4125
73.4794
75.6783
90.5749
77.1806
84.6521
85.8297
87.3738
68.6578
79.2399
88.897
78.2452
85.2621
89.6565
66.7446
94.9329
102.681
80.8749
94.9567
95.5766
101.804
75.4006
90.7393
74.2869
80.5998
69.9569
72.409
85.6736
91.0118
102.716
99.7686
79.5248
96.6016
79.1281
89.261
91.8662
88.8898
103.383
83.2557
98.2967
82.5098
81.3072
92.5369
80.5928
78.5027
63.0848
72.9062
96.2766
68.5896
85.5761
68.4907
69.76
94.7933
80.6105
90.5163
79.0078
83.0256
92.7336
88.4899
79.971
94.3198
95.7767
76.6174
106.371
96.1497
77.1342
81.3045
110.075
86.6301
80.0981
82.1314
88.8152
89.0389
114.699
87.1502
85.8734
93.1523
73.9163
89.7941
85.3491
87.7347
82.9693
101.53
66.2708
97.9793
88.5935
87.5884
76.2407
104.72
73.2964
99.8378
81.4171
89.2945
70.6993
76.2825
81.3216
72.694
81.0121
85.2238
74.1338
84.4268
83.549
77.9205
91.1161
81.9817
89.4082
74.6845
86.0477
73.2818
88.8882
81.4062
90.609
88.8304
85.7122
80.8438
107.954
101.638
88.1295
103.111
81.0484
82.9442
95.7164
84.6323
84.6627
78.914
80.2783
95.7307
72.519
87.8334
99.4082
82.0106
69.0013
93.2124
100.078
86.3912
78.2782
77.2452
89.8912
74.7813
86.8058
76.2331
88.9686
91.5748
84.2916
85.0795
86.1979
92.1179
70.6844
80.2809
82.8836
71.3117
92.1705
83.8383
81.7783
100.648
96.8212
87.5404
66.9298
112.017
87.182
87.1537
107.423
79.3712
100.262
66.9893
79.5879
75.0951
91.9072
89.7355
76.0379
76.4189
78.8816
94.1458
79.9226
86.5006
97.2802
77.1834
80.8848
81.2879
60.2089
83.8166
95.9693
93.7891
106.629
86.2879
99.5276
94.719
77.4598
105.53
89.6464
76.8633
75.8046
96.348
66.9545
96.2837
89.4466
82.0676
58.5323
79.2349
93.5035
72.4969
97.3489
111.501
72.1404
70.4278
65.2296
73.5561
87.9711
92.265
85.9991
85.0876
105.861
108.268
93.2941
91.7645
77.0129
81.8941
83.2109
80.8744
106.765
77.3427
81.3231
84.4726
90.8155
99.0828
86.207
74.6397
99.2097
105.098
72.4859
91.5475
82.9654
105.898
82.3648
81.3843
68.5807
85.296
73.9153
80.0733
67.9938
90.7162
83.9483
85.796
95.7553
67.3412
101.212
97.1382
83.0978
91.4331
111.699
84.8202
91.7148
82.7828
90.6918
98.0034
77.478
95.4548
84.5664
72.4708
88.439
69.7133
70.4018
71.1821
83.705
80.3309
84.9353
99.0829
93.2052
85.1206
78.7333
83.8275
78.0455
74.751
68.7262
91.6817
73.6025
88.2551
80.2438
85.1731
79.238
98.2087
85.6582
98.6756
99.8306
73.6982
95.7954
90.2492
78.8079
95.3899
67.5393
73.3094
79.1762
71.5732
95.0297
89.9777
78.3137
101.994
75.9478
76.8456
100.766
85.9675
92.2129
63.0385
72.954
72.4953
83.5172
90.6268
64.187
65.2247
79.149
80.2185
71.9885
74.3119
77.5832
68.3396
90.2723
81.7976
78.604
87.2863
83.7979
90.3586
82.6161
68.7931
86.3168
75.2469
93.9348
92.4739
75.8846
103.25
87.9839
86.262
92.9171
77.0311
81.1854
81.6515
88.3656
88.1093
72.4374
78.8003
85.0746
73.6081
96.0158
88.9591
82.1937
66.6635
84.9203
104.702
83.1359
80.5834
77.1195
95.4168
90.7483
70.1135
75.9409
87.6822
111.261
73.4846
79.3811
95.2196
87.9905
81.8237
78.3703
86.527
86.2551
98.9917
83.7151
78.6651
82.5576
80.7686
78.723
88.8079
84.7771
75.2187
75.4902
88.3272
86.5507
72.9585
93.0036
98.0078
102.103
66.931
92.1286
74.6705
101.916
86.259
81.7027
95.3648
79.6779
86.7219
79.2644
95.5726
79.8647
97.8658
91.2235
84.9114
78.5954
65.4056
91.323
92.1555
93.1601
76.2478
99.5779
84.6108
76.2027
80.4988
80.2019
84.9965
88.8191
87.153
88.2869
93.3198
102.91
85.6866
95.9183
70.7281
97.7518
95.5942
81.7505
74.9404
100.018
78.0974
89.9975
96.0959
83.3443
68.4177
89.9676
95.779
74.5165
77.0133
75.3706
105.936
73.5705
84.0285
93.6684
81.5932
74.6481
88.8921
83.9932
86.5541
102.788
91.2986
79.1932
95.745
97.0871
87.7042
77.369
91.7258
101.226
73.9615
89.1192
91.6478
77.5862
100.97
99.5637
78.0665
84.151
77.0525
95.6315
84.5725
68.5028
99.3672
77.5026
76.7723
87.2456
88.8541
93.0639
90.9333
102.045
69.4346
90.6441
96.0683
84.9434
76.7104
71.6905
96.7269
70.81
82.7113
95.9518
106.073
87.2665
102.237
71.0966
77.2283
97.4546
96.4508
74.4309
81.4295
68.8158
90.3053
75.5779
84.2063
86.8832
86.8312
85.9154
74.3588
79.1138
85.2723
81.5209
67.9582
84.85
92.8871
96.4536
86.6896
82.6979
92.431
90.2867
91.8381
76.8449
82.8048
87.8272
104.203
77.4553
104.367
83.9119
120.328
74.221
85.6739
83.4343
78.0491
79.2545
98.6801
100.731
79.3044
79.2214
74.0797
77.1887
94.1502
76.2389
105.013
80.0638
83.6859
71.3768
87.6323
68.3259
79.5899
80.1763
86.3531
94.8975
103.224
96.4682
70.9732
85.5472
80.37
96.2876
82.2426
64.7859
86.1658
77.454
85.9
82.0273
75.34
81.8398
79.9233
102.152
97.653
84.6921
84.6656
80.4685
90.5052
88.0586
85.2028
76.0605
77.8807
98.5598
81.4005
88.0559
80.1569
97.5684
76.9158
98.7515
81.0979
72.595
91.5332
106.781
76.9974
86.8253
88.6841
84.8145
80.2034
68.3143
85.3839
76.8192
94.5915
76.4803
88.7117
76.7154
97.3014
96.7365
99.584
79.8337
77.399
94.0748
82.7594
81.8472
83.415
64.6665
82.0026
86.6378
84.7
82.3674
86.8403
82.6881
94.657
75.6693
83.0192
89.5852
82.3409
88.7761
90.9686
98.4746
82.8481
92.1676
57.8092
73.7228
81.1214
88.4495
74.7358
69.1344
88.2324
70.4201
72.8914
87.7392
78.6344
89.085
83.2052
88.9974
91.9901
82.6483
79.3034
81.9072
73.284
81.9431
86.1785
94.5268
75.6873
76.1563
89.4785
80.4659
92.2934
89.8645
75.6097
89.5981
82.4292
74.6592
102.885
93.0675
94.767
81.1361
90.7665
79.6716
78.6318
80.9984
92.9862
85.8096
67.7223
85.5476
90.2334
96.291
89.9002
75.3446
84.4806
73.5624
93.2222
79.3457
93.6635
69.024
76.8999
96.8759
93.8216
85.6635
97.3726
81.2693
71.3981
82.6234
84.2155
78.4108
88.2462
103.21
82.1421
92.8076
89.6352
70.2629
68.5363
73.7535
69.5826
90.0045
90.7978
85.5246
90.6627
85.8548
76.6059
93.1477
95.5909
87.8843
89.4059
81.8438
95.148
91.1941
100.835
86.2832
74.5874
97.7042
69.0084
72.0235
88.3796
91.6252
94.8978
83.8042
83.655
70.8616
87.1485
100.641
89.8719
99.0216
96.113
84.2963
83.931
68.2502
76.5039
91.0738
75.2947
82.26
72.3224
77.931
91.8638
92.1261
65.2553
86.1076
86.5664
77.2754
80.0459
94.4524
75.2203
72.4407
75.0136
100.099
91.5428
69.4596
76.8299
83.9759
78.7685
85.9318
98.004
73.0432
88.0357
73.7146
96.0108
95.2224
86.6178
103.575
71.7512
72.2537
71.5365
89.3053
95.5753
84.9731
89.0394
87.9237
82.0001
69.9053
81.1252
92.8119
83.4943
93.0975
83.6859
91.9585
60.2978
85.024
76.5553
90.9315
72.4592
95.6105
89.8546
101.744
70.6274
89.153
74.3088
78.1847
86.4481
82.9756
82.7579
94.1563
93.4471
83.6514
91.8251
103.543
71.1168
93.6595
114.692
73.213
98.4708
92.7015
75.7889
75.6199
100.057
63.5799
74.8153
95.6565
87.6859
80.6522
84.6529
96.0323
79.5163
79.1609
69.1131
89.4555
104.365
95.634
83.3699
78.6326
97.3226
88.4717
87.9423
82.4207
85.8685
81.9385
77.6473
79.1736
86.8208
67.4247
100.39
95.4983
80.2706
88.6405
101.615
87.2574
76.6994
95.5148
68.9574
79.9692
68.8072
92.773
95.1307
94.3782
80.4944
88.7008
87.0705
89.3758
84.5402
103.817
100.721
82.8822
89.3316
81.1498
72.833
90.1397
82.3129
58.5962
96.299
90.2775
83.7356
76.8239
89.0116
84.6882
78.8977
87.9327
81.3472
88.8023
79.6369
87.4796
100.639
96.7502
89.5571
89.0766
104.066
75.4027
83.9396
95.2406
74.7362
75.5414
102.223
92.7284
81.8357
111.698
77.2783
73.0144
85.7226
75.8362
78.396
95.9067
89.3979
92.2676
93.08
82.8246
92.4499
83.758
92.1289
83.755
90.6047
76.3212
93.6752
85.1907
77.0532
70.4666
85.4908
99.113
81.2574
75.6121
81.92
92.7326
73.4218
81.2217
86.2637
74.3856
100.867
84.0639
116.445
89.8315
77.3284
110.412
91.5747
83.2246
89.6648
92.73
84.1581
79.1345
75.3222
92.2368
105.423
84.2002
77.2468
79.9257
79.2902
75.679
75.4621
88.499
75.6752
111.315
93.4919
92.7603
91.7379
93.5609
75.4081
88.1096
86.5065
86.3178
90.321
73.4508
97.2914
78.5911
68.1083
72.5578
92.7185
95.543
89.5337
69.2721
79.7433
64.4467
93.7371
70.9392
95.5345
85.2305
105.264
73.6049
97.9961
74.1398
81.7968
94.9732
81.7068
70.7699
76.946
74.3433
103.412
72.0516
72.5505
92.0952
92.6738
108.389
103.251
73.1938
99.4013
64.2615
101.028
91.0141
76.637
84.4698
86.1319
96.7823
111.127
90.15
90.9762
90.0747
77.4737
78.9577
81.4508
102.194
76.7614
67.628
98.8255
88.3707
73.7642
86.6
111.686
89.3456
84.4044
88.3559
75.3379
80.487
81.7249
86.3676
90.5349
83.1985
78.3988
83.2317
92.5493
66.4184
81.2686
85.5966
94.2477
90.9993
79.4673
93.5794
83.1666
77.1484
96.0106
104.122
80.8443
84.591
80.5925
76.886
92.101
80.376
77.1409
82.084
89.8274
92.0563
70.6127
85.1684
85.5359
91.5647
87.1476
108.613
95.2564
100.193
84.6767
68.5732
90.8616
88.0984
89.3524
92.9217
90.1817
92.045
92.3824
86.5196
90.3763
89.5784
85.2876
85.9322
81.738
101.959
90.5099
76.8247
86.6329
89.2387
89.5809
84.7663
95.1741
104.356
67.1219
97.6109
101.387
84.9523
79.5071
104.862
81.4279
82.8918
89.4622
97.7369
74.7597
79.7717
78.1061
86.0634
83.5826
99.966
78.6156
69.6264
95.4888
79.8807
79.3544
90.6388
96.7895
80.8213
65.1265
76.0299
69.9209
94.7591
113.532
84.6242
82.4942
87.4854
71.496
75.4439
81.4254
93
85.2093
83.2643
82.1725
79.8058
82.4978
72.7598
80.9452
81.0282
87.2658
88.5209
84.6069
93.7758
98.7842
82.5837
91.5001
85.6168
93.1051
93.1749
78.9922
78.5952
96.9537
75.6994
112.315
85.6306
102.072
73.2571
95.6462
80.2442
79.5758
85.2776
99.7362
99.487
91.9166
82.567
87.4153
90.7427
83.808
80.6921
92.1961
96.3302
88.7968
82.2048
94.4086
87.7471
79.1669
91.6053
89.3353
95.142
80.1181
85.6998
87.9625
86.7837
69.3813
86.5593
91.143
88.4256
72.9978
82.5913
83.5015
88.266
89.364
76.3182
87.8636
87.8114
91.7307
77.9424
81.5881
98.7832
86.3631
76.1301
92.456
88.3565
80.1098
88.4343
102.592
91.237
80.566
75.4939
100.664
89.9052
88.3233
98.8578
95.0763
81.8314
89.0746
83.7753
89.4714
76.3986
94.8996
88.3134
71.5924
93.8793
78.9629
106.61
87.2168
80.7204
77.082
78.25
75.0414
88.824
78.9791
71.8536
63.4324
89.8614
89.6833
83.438
87.8305
83.9846
101.785
97.084
79.8615
94.1929
100.497
80.177
85.2858
89.8545
88.0246
105.768
76.6747
83.2877
77.2881
74.9859
68.7363
72.8503
85.873
82.3064
96.8626
92.0774
104.132
87.5747
99.5429
77.1873
75.6042
77.4106
88.6745
103.077
77.1983
90.2338
70.9367
78.7102
61.6587
83.5766
68.3387
83.0842
67.066
88.0178
76.3495
81.9258
76.0835
82.6228
77.4556
76.6383
82.2895
87.2909
89.5767
82.1815
79.23
80.6642
79.375
79.3527
92.3491
90.1756
74.8401
94.8731
98.5579
80.3142
85.2899
96.2052
86.4311
72.8391
107.017
100.727
79.7897
78.4716
87.2909
86.4109
76.4863
75.5858
94.1772
95.8549
84.2051
97.683
95.4639
92.2127
96.2494
89.8248
81.4029
77.5165
69.8928
85.8957
82.8844
92.2748
73.1367
98.2613
78.0291
86.6744
65.5391
61.0857
89.8715
87.6043
73.2407
92.0522
71.705
80.7552
80.0392
81.1063
84.0504
90.2815
84.4665
96.2736
102.025
95.5563
65.7671
74.6103
85.929
81.0349
89.8303
83.2833
85.0481
76.2413
75.0269
92.016
71.3013
75.0244
92.5701
94.1263
73.0154
84.7631
63.1083
86.4768
86.286
85.2337
95.4175
94.3745
86.0463
97.5495
77.8555
98.3158
78.8243
96.6395
77.0645
102.524
102.836
79.819
77.8739
78.2088
74.1141
96.626
82.5388
92.8427
75.0462
81.2789
84.851
83.676
75.81
80.0158
93.3474
94.7275
107.613
65.6027
98.4547
91.9936
79.4371
86.0684
97.494
83.6923
81.535
77.9502
98.5955
81.2016
72.318
109.945
72.2052
88.204
76.012
90.0193
91.6503
75.0285
80.9823
89.3442
76.2245
80.0336
80.639
86.4321
85.311
74.6117
85.4791
92.0394
101.446
87.2984
69.6061
111.504
88.6143
82.3049
83.0918
97.6731
88.8151
79.6653
67.1467
91.503
86.4826
86.6168
87.423
82.978
76.953
81.2748
83.1386
71.4114
89.29
76.8462
89.2539
91.2774
74.3331
102.47
88.0037
77.5215
87.0368
95.2329
127.412
70.4851
86.9387
73.8482
90.5702
83.0483
83.2289
100.429
74.2003
97.6638
80.6328
91.3067
62.9807
75.4189
93.7731
88.5707
82.1324
82.4392
96.7427
68.418
92.7352
105.122
90.8159
78.7818
82.5139
79.9851
77.0557
84.8202
79.9027
86.2884
81.0792
82.4168
90.7474
75.7433
71.735
106.731
88.4929
73.394
70.867
74.8474
94.0701
84.4517
76.0877
99.7898
90.4278
101.326
91.3436
93.4442
77.0109
83.9679
90.4534
89.9609
79.4471
78.4738
81.9199
76.67
80.3372
86.3919
83.5986
88.4798
83.5233
86.805
89.1507
81.3763
78.9512
79.0792
85.4491
75.0655
91.7848
78.4786
87.9403
69.7866
92.2174
89.3068
96.1756
89.0512
83.6287
76.2866
70.2214
81.421
94.8998
95.6994
96.6225
86.1426
90.1152
74.1419
89.5243
81.0794
82.5528
95.9203
92.718
110.26
92.4116
91.3915
85.7115
81.6505
69.717
77.6388
77.3252
89.6267
76.0919
83.3606
91.0105
83.2383
75.6392
82.9249
71.4116
93.0172
87.0874
81.93
80.579
100.822
90.123
87.5964
94.6942
81.4335
66.3526
105.956
86.4186
84.3766
80.9327
79.7627
91.3737
75.941
102.934
91.7513
105.267
85.1334
80.3202
80.8267
100.127
87.1646
82.2432
78.6529
80.9981
86.0443
95.6094
81.546
85.1154
86.281
84.2468
86.9729
83.372
82.6528
99.7719
93.6587
103.825
88.9247
78.8265
84.0138
73.6096
97.4516
70.1608
80.4723
95.5167
85.8893
77.2929
63.627
83.8223
78.6184
91.9571
101.349
69.6081
69.6135
77.7256
78.873
101.555
79.4863
105.589
119.205
88.0097
93.4667
95.6821
72.4928
82.3309
72.6825
88.4019
76.1984
94.8069
83.2161
101.18
81.4493
84.683
84.9914
89.1306
99.1361
76.2479
86.5472
83.2656
82.5537
104.727
95.1047
71.662
83.4991
86.9817
99.1467
68.9538
79.1725
83.9771
95.7943
86.0541
90.8601
76.6298
76.3637
82.1293
92.0773
92.2943
101.607
84.8414
86.8324
104.237
80.3845
84.5054
121.481
97.0235
86.4218
68.2796
70.836
97.7016
89.3046
92.4908
86.492
84.912
69.8499
88.7767
87.9203
74.8235
93.4522
78.3539
85.6519
65.0081
81.9512
81.8511
82.6038
98.1358
106.643
91.6042
96.6459
92.1423
86.1954
102.53
92.6907
103.078
87.1039
126.538
96.447
88.8911
93.7804
86.4294
102.603
99.3444
91.9496
87.108
70.8923
80.8511
81.018
73.7712
78.8312
84.2459
87.0023
77.7266
86.9091
82.4828
81.5304
84.8782
77.3246
81.7598
87.8229
93.8188
60.4802
70.0338
88.6547
93.8189
92.1852
91.0579
88.0325
87.537
88.3827
89.4483
81.6034
91.4331
92.9688
97.7486
91.5399
84.2871
83.5913
74.3637
93.1425
83.1629
71.0874
90.8333
111.248
90.8816
80.4268
86.5655
99.1392
106.721
81.0853
78.0504
82.203
76.5897
90.1101
76.3869
113.885
102.498
92.2688
83.142
68.2712
82.8081
97.4317
76.6483
81.0687
82.3491
79.7926
77.6926
74.859
91.6201
73.5342
93.5137
79.8867
87.0598
86.515
80.944
67.699
79.6274
96.0689
89.1791
91.7131
89.9874
84.0087
86.4042
96.8821
80.997
81.3097
72.4733
75.195
90.5611
85.3055
101.327
80.0644
108.683
93.9674
99.8905
82.4637
100.926
84.7348
90.9841
80.0394
90.5978
96.5813
78.2093
72.7536
81.0996
91.7196
82.2572
70.1735
84.637
92.0901
64.7762
71.39
106.391
94.3845
82.9555
80.0277
86.5793
114.187
82.0528
86.9468
79.0647
106.992
93.1672
92.7913
90.8066
77.8851
86.3982
92.6784
70.3742
103.921
74.1338
89.951
82.0946
71.8931
97.3773
92.5087
96.505
81.78
95.8074
96.3554
79.3951
82.119
75.184
83.3184
87.5595
83.2643
84.1055
79.5758
76.5895
106.297
97.1698
74.2115
83.716
98.4057
77.2129
101.296
88.337
82.0102
94.526
87.2985
73.8705
100.278
92.7797
84.3347
91.9107
85.8239
85.868
84.7482
96.6528
82.8216
92.8858
79.7008
100.59
86.4844
102.385
86.4413
79.8676
83.6404
93.6254
82.8066
101.202
91.8326
89.7088
84.432
110.932
83.7164
78.5392
94.7946
89.4189
78.4705
77.8854
106.061
101.619
65.78
78.6542
81.8668
106.918
100.564
89.5786
78.3907
60.33
91.2163
105.785
93.9436
83.876
94.5919
94.1264
89.9175
97.375
115.052
77.7871
88.8166
74.8178
88.6647
88.388
85.9405
105.82
73.4017
89.4976
78.2773
89.01
84.688
82.983
95.7081
88.2201
92.3243
80.3103
83.6242
92.8591
97.2939
86.5031
87.0803
80.8726
86.6095
97.9265
64.2094
85.8221
92.8716
72.3127
81.3109
83.2563
92.609
85.804
89.2203
113.336
103.185
94.3797
92.1334
81.9015
77.843
75.993
79.8723
84.8835
90.0601
90.1773
88.6161
86.3619
85.4573
94.8649
87.1121
62.6445
71.3735
99.9926
81.6964
83.0559
84.7286
81.7474
76.478
76.7048
80.5307
86.9288
85.833
95.3952
79.5303
97.3775
72.3734
81.5178
86.8457
94.297
96.335
79.8512
78.9755
85.6342
65.852
82.5391
95.8198
69.1824
79.6177
100.061
77.3015
88.8121
89.6921
74.9437
77.8698
82.9444
72.0145
93.1654
84.9548
81.6292
105.424
87.8397
80.2568
89.3069
84.6663
86.3462
82.7367
82.3485
70.0354
91.2639
93.9761
73.5389
65.7246
77.2691
84.175
90.1908
78.0686
80.6531
85.3493
94.13
105.8
98.0023
80.404
90.1862
69.0405
108.889
73.5597
102.577
92.6086
82.845
94.2228
87.4274
88.0681
81.8797
99.4439
80.8335
93.1775
90.5213
68.9203
72.6072
77.7996
95.0197
74.1157
94.9448
88.9204
97.501
87.5112
86.1425
87.9401
85.3527
82.0751
69.5867
76.9339
73.9977
77.5907
85.0922
85.2966
95.0765
80.0109
86.7275
107.694
92.3025
90.1136
84.4485
83.207
96.3396
78.304
75.1735
68.9255
99.0965
95.8971
91.601
78.9906
72.8339
74.2047
84.383
82.5347
87.9266
87.3729
83.8761
95.0808
85.7585
85.673
69.7265
86.4768
75.5567
80.2635
72.9928
98.1281
87.3664
81.5851
89.2386
93.2047
91.4323
66.3825
85.03
76.407
94.8403
84.18
77.358
91.3999
100.039
107.005
71.9817
82.4043
97.2394
74.7892
79.191
88.7249
75.6159
103.93
82.2023
95.0359
70.8784
79.895
85.2729
92.6523
99.5106
96.0757
83.6494
60.6084
83.0006
70.1394
90.8074
66.8715
85.5414
85.3716
80.6417
88.1145
88.7199
73.1335
76.2138
86.9978
73.2035
79.7605
83.2876
93.9553
90.0443
83.7417
72.5724
78.5647
92.2743
102.689
84.5293
92.0235
81.9182
71.3843
81.7314
96.7901
84.1553
81.3917
96.8192
81.2589
74.9043
92.8473
92.0552
89.2547
73.3312
74.3211
87.4752
84.3219
105.658
80.2194
85.5049
78.9316
78.8617
84.0251
73.3279
95.96
81.8434
73.321
65.8154
76.9942
93.4752
94.4851
86.2609
67.3828
75.2327
76.3475
87.4044
94.4224
83.8986
92.1394
81.9818
83.0081
83.4374
66.4233
86.3441
79.1689
70.461
73.6496
98.6218
87.5154
91.2228
91.3532
77.6303
89.9147
83.8698
109.818
97.1767
89.368
97.1528
65.9142
80.1826
102.909
85.4978
81.5417
91.3637
78.8626
106.889
92.3596
72.221
74.9607
81.2637
71.3022
74.5166
96.0768
92.6889
77.4522
89.3921
81.3607
92.0512
91.5784
74.3746
79.2077
75.2841
84.2028
95.516
91.5044
101.244
98.2227
90.7414
81.6316
74.2594
76.8173
76.2479
91.4627
86.6799
84.2659
106.47
80.0534
60.9982
79.8635
85.1146
83.6092
101.619
86.6537
83.942
77.9871
84.3306
81.146
82.2112
90.1301
84.6938
74.4133
81.5559
69.2979
78.1294
87.2427
88.2767
88.3889
83.6835
79.3405
86.0118
84.5334
95.273
96.5635
84.1571
78.3275
69.1404
92.8782
79.0391
80.3799
89.3097
89.2564
81.1776
82.3482
81.8252
86.3515
86.4778
91.9883
86.2336
65.8655
106.974
91.8896
80.2808
105.172
86.1585
86.312
95.5726
82.7095
108.046
66.2594
96.8192
84.223
83.1669
99.3656
77.912
73.6371
87.3946
90.7707
76.3622
85.0501
92.5706
84.2617
82.6311
83.9632
102.679
91.431
76.6032
94.8113
85.2157
83.9673
78.0969
77.8615
75.9995
96.8403
91.5007
82.9616
85.8938
79.6683
92.7923
79.3981
80.1236
76.0962
78.8317
84.4263
79.8667
71.5653
76.9538
90.5784
92.9566
80.6918
97.4022
91.3594
87.9013
72.5911
79.287
93.6847
80.2411
111.294
94.8473
78.9925
93.9169
98.6661
83.6441
62.4941
82.5122
91.5095
93.4793
100.123
103.97
84.2739
74.4043
112.133
87.0407
79.176
87.6546
94.3113
79.4371
90.4867
84.2393
77.4713
70.7276
92.4114
66.272
95.9937
79.215
100.32
94.9999
75.1028
87.3013
95.5023
83.8891
90.121
79.8856
65.8118
68.0444
77.2663
106.229
76.029
74.7518
95.3592
88.5467
83.1075
95.4556
90.7975
74.179
102.338
92.4503
95.7996
99.641
90.4914
73.8901
92.7116
68.909
94.3989
104.65
78.1282
111.543
81.4054
80.1722
79.5508
86.7058
91.6709
78.914
80.1739
88.329
77.0869
100.716
92.6668
98.4038
76.0469
83.0452
96.8689
91.5353
84.7256
88.4828
92.5088
86.4108
86.2532
78.3019
85.1241
88.1632
90.2088
89.5835
93.5134
73.7136
95.6393
112.07
77.1521
88.1347
82.9896
78.7973
76.8852
94.6537
88.5113
90.2191
75.9755
81.0321
87.3665
88.5402
80.1096
79.1717
64.621
100.282
82.3946
86.4528
62.3547
77.8507
98.978
95.1814
77.0716
76.9255
87.4982
83.9162
107.504
82.3749
94.5711
85.7808
84.1753
91.092
73.8413
91.6693
92.6428
78.9073
74.9854
78.2768
94.2402
94.6606
77.9009
96.6129
99.7007
97.0454
100.047
102.634
97.9768
89.585
75.4737
86.7227
79.5175
86.3705
104.539
102.815
91.3155
97.4474
71.6974
98.0585
80.9787
95.285
85.9349
67.0515
78.6678
84.1363
84.6264
77.2456
99.8525
76.7705
76.7412
81.7781
91.1203
73.5227
89.4495
84.7256
107.002
93.7113
89.0572
84.5777
79.5556
81.5288
98.4401
95.624
90.6786
107.291
76.4685
71.5182
69.5552
87.4183
82.4733
88.7412
71.1576
95.3458
98.4732
83.8094
84.4476
74.5484
105.579
71.8686
81.4622
96.8643
79.0463
86.2092
88.9661
99.6013
99.8826
72.1385
76.9036
89.1827
104.902
84.7782
74.5024
81.3439
80.4628
96.0645
89.2011
67.3293
72.1843
96.7112
85.5522
72.9838
72.2893
78.4096
93.518
82.2876
74.992
95.5802
78.5442
76.6527
94.4869
77.0297
87.8036
74.826
81.9747
111.162
79.6302
90.1689
69.9673
110.928
74.9518
82.6852
86.4678
74.7866
64.8862
99.8664
81.1931
99.2198
82.0637
95.4435
97.6673
94.8519
87.5997
86.8367
84.4156
85.0231
94.378
85.4216
77.0582
90.7144
69.7459
96.2526
91.9893
93.7225
83.3658
87.4955
86.0672
97.3813
82.2249
65.7293
83.3978
75.1606
89.4544
82.2233
74.3092
88.2855
80.5769
73.264
80.1434
72.813
75.2714
89.4656
93.4094
96.1722
77.4641
87.3484
82.6411
88.908
102.881
85.5638
74.7949
82.1541
84.2888
81.1686
77.3692
83.3205
93.7759
84.7232
89.0228
75.7989
81.3182
88.3135
93.9498
78.5642
77.6702
83.7469
89.4143
73.8503
90.7632
81.7769
80.2262
72.0737
82.4123
93.0347
82.4248
78.5665
89.9032
73.7446
78.4791
81.0809
85.6888
90.1115
99.1879
82.8703
107.02
101.596
87.3545
77.9506
84.2433
80.6142
86.7675
82.0693
90.161
82.8881
73.651
79.7172
87.5816
95.801
78.807
100.86
98.5251
82.1931
76.6888
111.202
101.33
85.417
108.605
105.054
87.8337
99.3134
81.2461
91.7932
75.2966
106.027
103.388
75.9094
98.8822
94.9819
103.007
75.5242
87.0728
82.4555
96.2407
99.4172
70.8864
86.3052
85.7949
84.9054
93.9523
90.6365
85.8537
78.782
73.5358
100.445
76.9951
78.0821
91.0941
83.6856
82.6068
90.1215
97.7717
85.7446
77.6443
82.865
95.8693
90.7916
83.8397
69.9103
79.9299
91.4674
82.5334
71.5789
84.4608
103.682
70.6892
87.3198
84.9543
100.85
85.3524
80.5138
60.3293
66.1605
106.996
97.6031
74.5267
103.339
88.6885
83.4704
75.5278
102.624
78.9586
82.7285
101.275
104.076
85.1381
81.4831
66.2874
86.5708
75.5039
77.3009
71.2999
106.128
97.7734
73.2366
102.001
86.8912
84.7263
89.1503
89.9724
78.9499
84.8765
78.7273
77.2408
82.0836
79.5109
76.1047
74.7778
86.4803
87.6378
85.4442
93.8803
84.399
96.8542
83.3539
68.2001
67.1722
77.8598
83.4016
82.2868
93.1124
78.9746
85.6752
87.8974
89.4075
82.8618
89.5831
75.7917
110.697
85.3403
97.3978
76.2168
90.5163
81.7616
107.966
110.122
97.3319
80.1584
105.308
68.8402
85.719
84.3349
87.171
74.2799
78.898
71.2084
67.5895
93.3761
71.668
106.894
89.5967
88.0778
96.6061
83.5975
85.5263
72.5449
65.2984
76.2154
87.4414
74.2982
77.1792
91.6381
79.9815
101.209
80.3131
71.0027
80.7926
86.8723
90.4973
100.027
94.5756
85.3692
82.0231
85.5606
77.9813
88.3272
87.4672
95.168
89.5997
98.2957
91.2252
85.7605
71.4767
79.2927
93.7783
78.5376
95.4756
79.5179
98.3344
92.8442
83.3407
74.9141
75.2887
80.2581
71.582
74.5342
88.9723
87.096
81.6628
74.9304
85.4934
86.3405
101.622
79.4799
81.0911
83.1499
71.2205
95.9513
85.6519
84.7573
83.4407
96.4132
87.1128
81.3071
67.6395
79.4776
95.5621
98.6251
86.2487
86.1608
79.3025
83.0596
83.3451
94.1218
81.7994
87.4167
70.7404
100.567
91.1412
87.4699
89.5807
63.3092
86.4058
83.4068
80.3926
96.5228
77.9219
84.1976
77.6323
85.9476
77.4876
84.8564
87.7637
93.5655
76.5403
78.2686
70.2957
83.669
76.2942
99.1414
116.101
86.7952
71.1747
90.8102
82.8528
76.0319
72.0937
78.379
102.281
66.8272
81.3034
88.5361
99.1496
77.2314
88.7325
88.5641
88.6683
88.1491
89.8814
88.2518
95.692
80.9392
99.8237
98.1313
83.4782
97.2458
100.086
71.0303
94.5098
82.5195
80.0277
82.8014
83.2571
94.4585
79.8141
94.6432
85.3652
95.6395
72.9414
75.4312
84.069
88.0107
84.1787
94.7297
78.1511
89.0804
91.4743
82.7731
86.1013
76.0339
81.0419
95.8803
89.0053
93.6415
77.3857
75.4792
84.6283
68.6138
86.8324
91.2344
89.8465
83.2996
87.8548
73.611
90.2997
86.3944
73.5457
94.6303
84.4749
70.4782
103.936
98.4903
75.4755
83.2455
84.0872
89.9815
93.2581
94.7637
94.5493
83.816
75.0623
99.7821
96.3112
96.1844
82.2167
90.7787
80.4469
92.8513
72.1298
80.8728
63.0982
85.5816
101.242
77.9999
87.072
69.5455
94.2811
71.0926
85.0385
76.6826
97.3649
82.4398
77.3711
85.9785
83.8439
77.9461
83.0433
91.001
97.0408
101.404
80.0291
64.989
88.8353
79.7458
71.0144
81.7491
78.9383
91.3177
87.6144
63.5763
81.5307
89.9675
74.8388
92.1428
88.3975
72.5039
93.21
80.9333
81.1683
76.3595
87.3737
96.1694
70.6474
88.8894
77.2992
75.8663
80.6859
84.1952
77.7243
81.0795
81.216
87.8813
80.3917
90.2859
84.3166
99.5568
75.5834
85.8363
96.8625
86.132
106.136
81.9668
99.5552
73.4715
89.8142
84.3694
90.9958
87.235
93.9743
93.6033
103.424
84.4966
71.0925
104.384
77.6336
99.5477
100.595
102.524
89.7226
76.4163
74.2617
74.0919
81.8842
96.1495
105.124
75.4786
79.6582
78.1935
90.0673
85.772
89.2014
84.0883
78.6938
93.5561
105.765
79.6286
77.1491
80.1218
75.6525
102.527
90.8235
89.4769
87.9481
78.7137
70.7044
80.5498
74.7251
99.3433
107.571
89.7706
98.4057
93.103
79.5617
84.3222
96.4309
92.5185
85.2515
89.5516
78.1064
95.7711
72.5233
72.1483
106.623
92.1945
82.3909
92.5946
81.2104
83.1927
94.1063
85.6816
77.4646
79.0956
94.5325
87.1754
100.176
69.6862
74.3596
79.2789
86.6863
81.7922
85.4622
75.4402
88.5865
92.4824
92.0212
84.2462
96.7038
91.1433
98.3235
64.3564
70.5083
84.88
86.9485
100.231
111.78
80.518
78.8442
79.7326
73.6594
78.914
89.8914
68.8461
96.966
76.6083
96.0177
87.9122
82.2942
84.2864
79.2883
73.8409
97.0721
75.3802
77.0872
72.7169
86.8818
91.8199
65.6889
83.0148
80.4389
93.023
73.7647
89.2763
83.5835
96.7667
78.1485
74.7254
89.0331
75.5348
83.596
92.8352
77.4808
80.2506
88.3468
83.0053
71.8181
86.2202
94.1133
81.1483
76.2653
81.8371
85.1316
72.3323
80.1979
86.9545
73.8115
76.4578
66.3843
71.6911
90.4145
90.0127
87.5223
92.8772
86.9388
77.3016
66.891
85.6873
96.4464
63.5731
73.8628
85.8696
95.0077
75.0099
77.4703
104.607
98.4113
67.5549
76.1828
94.962
77.9754
82.675
101.877
89.0272
69.6065
65.9288
85.1386
85.9568
80.4023
84.6236
100.199
87.1754
92.7039
94.623
84.7875
100.828
93.5004
96.3257
99.2408
85.2601
75.8435
91.6311
85.9452
77.8512
98.575
98.0245
72.4222
99.5583
87.6089
97.1013
77.8868
75.533
94.8292
85.5903
83.8706
108.625
84.9017
76.0616
83.5575
88.5775
77.4615
85.3251
85.9711
97.7079
97.439
80.4002
74.2909
84.5688
78.0995
82.0098
99.6099
90.3616
116.657
95.7909
77.932
76.95
111.534
100.756
100.546
88.3654
63.7718
80.8914
79.6672
75.3852
91.4296
75.5723
87.0261
83.3439
78.1658
90.5174
94.3574
79.7519
98.8057
95.018
80.4003
94.6667
94.8439
83.3407
90.0901
82.7783
80.6524
88.5198
70.5772
97.387
84.1953
80.514
83.7059
85.6192
77.3322
107.134
72.0739
72.6904
91.7679
84.305
98.1461
85.3536
71.5781
86.5061
86.5445
94.9276
85.1993
90.6279
79.378
79.833
82.567
84.1636
95.9197
80.6934
79.9989
79.385
81.6469
83.5795
101.764
108.985
102.519
96.0972
96.4533
84.3755
82.9428
72.7056
74.5349
103.088
88.3677
76.7738
98.2425
87.92
106.804
91.8546
92.8717
77.9769
94.6167
103.79
78.8081
74.9585
75.3966
75.984
96.0128
76.1904
87.6248
82.3864
87.4008
96.695
83.9355
78.2128
90.3094
71.7211
65.6503
79.9107
76.9175
90.3917
95.8713
86.9083
81.716
78.3939
74.5985
93.3011
68.2199
83.2305
91.8631
74.8562
76.2129
82.0297
81.2641
70.2251
78.1964
89.1092
83.6184
85.9804
85.1943
69.0796
91.6254
78.9898
72.9955
82.4642
78.5527
86.5342
84.9822
93.8274
96.6262
94.2444
84.1184
78.5557
89.549
100.988
81.0427
84.4393
81.4661
100.97
81.8223
87.8146
84.4767
85.8669
93.97
90.2467
79.5935
79.3636
91.7375
80.3698
83.5558
92.708
88.9652
73.4892
77.7014
92.6407
79.2539
84.0797
84.6841
102.941
84.8461
86.8658
87.0691
111.459
83.7646
93.4865
78.5847
77.937
74.9555
62.9606
86.533
90.8974
75.1826
83.2887
96.6298
70.7264
88.2019
82.8551
80.8635
66.3399
99.6936
80.1062
94.7595
92.4526
99.3789
85.0971
79.3303
96.7659
91.1515
86.7262
80.0138
86.2261
101.703
84.4366
79.0194
86.9707
94.3934
104.855
83.1051
81.5328
90.9189
97.1576
73.0228
76.6578
75.2881
94.1677
77.4697
93.7027
78.8657
95.7548
90.0866
90.1768
75.825
75.8359
83.0421
81.2987
79.975
91.5301
96.1726
71.1491
96.9467
99.473
80.5153
83.7814
86.8815
100.486
89.7586
86.5828
86.172
76.6906
88.0218
96.8303
76.3747
69.5796
75.3934
79.1259
94.7886
74.1655
77.9166
86.3415
95.6066
83.4534
79.6194
88.3387
92.9554
78.7806
98.1792
88.0795
70.5109
86.6834
79.8204
74.3917
80.5437
86.0463
71.3123
88.8569
96.8564
100.784
71.5788
84.0538
88.7177
100.959
82.6045
113.068
76.0044
77.0117
87.0884
73.7433
78.698
90.0254
83.7095
92.9382
85.6502
70.3633
105.173
86.0472
77.0232
76.5016
88.4062
87.0596
92.2559
88.9286
85.0205
71.0131
77.9646
70.5335
86.5473
93.1688
80.7804
94.766
86.8826
79.9087
67.5517
91.2602
99.7662
75.5071
87.3091
73.3488
88.5767
98.6986
59.0762
85.2955
120.202
76.246
79.3345
88.832
72.8402
77.1361
77.9928
83.7572
96.1037
93.9711
66.2549
79.6071
89.6576
66.4731
90.9558
91.2323
87.5762
104.195
75.0599
75.7855
86.2561
79.8931
87.1178
92.8936
83.0943
85.2578
100.714
89.1107
78.105
104.042
89.4857
72.6842
83.7212
79.2758
96.1434
81.0698
77.6521
78.495
75.6472
74.2685
95.9706
94.7882
83.0339
94.5462
63.2159
87.8332
94.7475
92.6314
72.1309
78.2351
76.0042
90.5079
81.44
81.5372
77.736
92.3796
91.7908
87.6762
83.2592
84.1238
82.2984
68.7105
97.3086
83.1308
101.048
90.4797
86.9003
85.0162
97.6336
103.368
74.9801
72.6899
80.2763
90.401
80.5049
86.8024
91.7665
94.8508
98.3606
106.856
83.3687
85.1481
92.9116
90.2007
79.2758
84.5438
82.4104
84.8107
99.4782
93.3874
108.568
103.277
85.3897
71.7965
97.1756
94.9015
79.6837
83.541
69.2013
94.8341
99.739
82.8675
86.6449
90.9855
77.3432
77.0386
66.6863
89.1665
75.6673
107.919
100.813
99.7391
83.0837
82.1967
86.4448
83.6682
83.6408
70.272
74.9937
109.405
89.1363
72.1935
76.6694
79.8965
111.562
66.876
81.986
84.0886
104.135
78.4435
79.8735
76.9352
75.1907
91.6142
91.0663
84.0493
85.701
79.8601
77.0072
79.7901
69.2416
96.2325
88.793
84.0051
79.9048
70.8212
80.6532
71.7222
92.476
77.8756
82.0221
96.5681
93.8762
80.3944
76.0969
102.066
84.473
78.7746
77.4073
96.2021
85.6704
65.1752
81.3877
80.2639
85.2808
95.6045
75.6469
76.0172
80.2751
63.6585
81.9582
84.9365
90.6409
80.1426
83.3269
88.4821
119.119
94.4684
96.4774
89.7265
88.3109
86.1437
93.0877
101.708
81.301
85.5609
77.776
75.9371
76.7681
93.6537
81.2885
82.2159
94.0775
87.7924
76.1805
91.3998
104.097
76.5059
84.6812
81.4073
84.429
84.4991
79.1138
94.603
103.209
96.1148
103.539
85.7103
96.9606
90.8567
108.325
92.9112
92.7299
80.4806
79.4228
103.743
67.6283
82.4345
72.2826
82.248
89.6218
90.5122
71.4379
74.7616
71.6716
80.0448
76.8567
74.357
68.7655
74.9783
82.6859
80.5583
77.0631
104.506
82.1693
99.9431
101.516
87.9498
73.2922
77.7574
81.157
83.6691
88.6934
93.0815
81.9161
84.787
85.3199
89.2404
70.8262
90.8901
78.3293
69.8286
98.1
85.8642
100.143
78.3166
91.9371
95.6405
96.3989
94.1408
91.7246
80.8569
87.0765
70.673
82.9581
100.119
76.9611
85.3419
104.2
98.2534
92.2561
74.3711
78.141
100.984
76.5157
100.072
84.8784
84.3728
86.7845
92.9492
93.5025
87.2195
73.3697
69.1011
96.4414
77.9937
72.722
89.0758
86.8728
77.579
76.6292
83.3283
83.2539
78.0401
83.6631
76.1027
80.0409
89.2929
85.3112
77.9031
79.9856
82.136
78.1555
81.3452
96.7335
95.8231
78.5587
80.7472
80.7672
79.6742
80.2389
102.901
90.1992
75.9641
74.4516
70.1934
87.3926
80.198
88.8434
85.5045
75.1113
106.86
98.3504
78.3113
69.8949
77.4988
81.5373
103.745
85.9649
70.4918
84.9285
88.6365
84.3077
78.2887
91.8354
90.585
87.2
75.4333
79.9369
94.8914
78.4007
82.4725
80.6185
97.5834
75.3754
97.913
85.1843
92.9973
81.6975
80.5029
80.9415
83.0787
70.4584
86.2909
83.2067
89.2662
95.2805
84.2784
84.1315
83.8876
82.0538
69.8356
105.375
94.7899
86.0733
105.938
68.5101
90.5703
94.7941
70.7778
96.8357
97.6344
81.8461
77.4243
96.8972
77.101
89.5374
88.0479
64.5195
88.0641
102.328
91.0171
82.9664
81.4298
80.2805
83.8461
101.299
83.2127
83.1297
82.7386
75.7805
112.095
83.4075
85.0748
91.2027
82.9704
76.9553
90.7074
75.2505
89.6425
106.836
92.4689
89.5007
81.4587
104.792
94.1529
74.1058
68.5524
92.9425
100.777
81.5931
95.4377
83.3954
72.3815
90.7603
73.1499
93.8805
99.7791
101.735
86.8207
107.457
97.6196
83.9376
89.2692
65.2138
83.7393
88.7465
76.515
93.4768
86.1896
79.7028
89.3765
74.4792
92.8994
83.5896
76.8315
63.3794
85.3572
82.1031
75.1231
76.4637
90.5837
77.8863
102.677
70.1823
93.1894
90.8794
69.849
87.9818
73.8227
90.3598
75.7928
90.1969
101.658
73.4039
91.5141
74.5958
95.2033
85.431
85.272
78.1326
85.8815
67.3557
83.5258
86.7226
99.9603
97.3923
79.5019
58.3588
84.4148
74.2021
73.9841
96.8407
75.409
66.3905
92.1349
80.4424
86.6351
75.3622
87.5885
76.3687
82.2988
97.4778
96.646
96.7614
102.523
80.5401
91.6876
83.3475
88.4211
87.538
89.0866
88.0171
84.7201
79.1611
66.157
106.95
76.6742
87.4653
67.9986
79.2498
87.9878
100.757
95.4589
106.329
86.0772
88.2598
84.3464
84.1835
81.9281
99.8656
75.5676
79.5954
94.0265
93.8245
87.0285
78.598
76.379
93.6086
87.6982
76.9705
104.876
94.8171
98.4655
72.5303
93.9276
91.44
74.9505
96.6401
69.6021
84.0868
96.9447
92.2976
96.5707
106.278
92.8225
77.7365
88.8035
85.9845
77.4738
87.3977
98.2335
86.41
81.4975
86.8191
80.621
59.3474
69.1785
86.3125
81.4666
77.4352
91.8095
89.8025
90.4266
76.0244
103.033
95.2454
104.097
83.7461
67.9671
85.3924
81.8918
87.2509
79.2234
80.1461
88.0124
92.0558
83.887
75.15
86.2946
91.5491
96.1979
97.9216
63.7406
88.5892
71.7727
99.6662
81.7684
94.1937
88.5547
86.0554
90.3872
70.6824
102.631
88.529
98.1241
78.2865
82.5093
74.4961
83.5091
84.6824
87.8306
67.4098
106.353
88.7635
78.6673
99.1265
78.8118
78.3141
85.5413
95.8313
100.066
89.0799
87.326
75.7407
74.0598
86.5158
92.3951
87.2721
79.0096
84.9598
83.8471
76.0251
84.8399
84.7445
76.2947
86.651
83.8112
102.902
73.7115
79.1312
88.3195
71.8906
81.0252
91.9377
90.7443
67.5987
100.499
71.6309
78.2658
74.3842
93.872
91.261
85.2817
90.4394
74.9966
98.8442
64.7944
103.478
72.1221
88.0023
91.7635
74.3558
70.6005
95.337
96.9196
80.9628
79.3585
74.1664
75.0302
81.2992
93.8249
89.5154
77.779
70.0602
96.7552
90.1223
81.0518
82.1242
81.1511
81.7347
91.6357
78.2203
82.7741
88.9743
81.081
88.2521
86.3962
89.4002
75.4641
88.8915
73.9757
84.9945
91.8439
76.5776
72.187
88.9793
82.9879
92.3716
81.101
91.6508
96.4433
89.8645
74.1501
95.0722
92.8471
77.8359
72.8702
83.1331
94.8017
71.7115
69.7179
69.0687
87.6907
89.4529
92.6048
68.0881
86.6648
82.4864
89.6698
102.533
66.7785
96.4253
100.021
73.1054
94.6743
76.2722
93.9355
83.4372
98.4553
89.1966
85.743
84.6129
81.2562
73.7991
87.3396
78.5198
84.2481
81.8955
65.2248
100.763
84.1894
83.4842
82.677
92.866
88.8533
93.5465
79.8179
90.568
67.1283
89.9451
73.9531
86.0012
82.751
95.0585
84.9092
72.079
78.8167
74.7398
89.071
80.8101
84.5934
79.8669
83.4105
74.5855
91.8861
91.2138
66.8063
100.512
85.6511
109.213
75.7909
87.3616
111.905
84.3186
79.9249
78.0815
90.4693
100.263
97.4331
91.1709
93.4842
100.864
84.5567
87.6587
91.0219
79.3252
77.9371
87.5675
80.1416
110.711
96.3021
88.0892
78.0549
97.1325
93.6078
95.2161
70.0617
65.9394
107.92
75.3551
96.2603
91.1661
84.2474
79.167
87.8496
75.9597
78.4438
91.2217
90.6143
69.9856
68.6877
82.6409
102.603
82.2418
81.8035
78.2695
97.5537
98.6276
99.6404
80.2984
93.3038
82.0654
88.6239
87.491
99.1392
93.6721
87.4995
86.5384
78.3341
90.6607
71.6428
108.21
88.336
80.4776
78.749
85.5446
72.504
88.438
61.1255
101.455
75.5302
68.849
97.892
80.3164
83.9565
81.0354
91.3088
75.5566
90.2892
96.0585
77.8662
86.4249
78.9033
88.7639
82.9948
104.091
80.375
80.9005
105.499
77.3266
99.2227
86.9877
112.013
71.5841
80.3372
98.8963
90.6786
76.2957
96.8169
87.2376
88.9884
97.493
77.8311
71.9962
91.5239
112.352
95.9615
86.001
98.2628
74.4066
97.3278
72.6942
92.6864
102.959
76.4472
92.3301
95.0193
65.8143
87.7805
81.043
79.0135
78.7755
81.1298
73.7125
78.8184
87.5621
96.3735
67.1988
86.5513
92.2355
80.0989
72.4562
80.5857
88.4228
77.9358
96.7075
93.9079
105.412
75.0174
72.0495
112.917
76.906
90.3929
81.2309
91.918
90.9904
75.4864
100.731
79.8162
75.7745
85.3535
90.2137
72.3032
85.5882
79.9619
85.1649
95.4235
90.3174
89.4034
90.1039
76.2949
90.323
99.676
76.5694
108.7
78.6063
97.3131
88.2454
90.3308
90.4428
89.6807
80.9472
98.546
102.777
85.3891
85.2587
77.3878
98.7186
104.87
83.7431
89.4018
77.06
79.1439
77.1198
83.7848
84.312
82.723
96.2487
75.9048
95.561
76.3133
73.2667
95.1286
79.2792
87.2527
88.934
79.8914
70.8996
88.8433
85.5925
95.4385
109.28
75.1613
86.6632
100.505
78.8861
74.5055
71.8999
91.7982
88.8667
83.7264
86.7106
75.8158
86.8013
81.2848
82.362
79.4204
87.8036
88.2074
82.9634
91.0962
80.3584
71.437
88.6965
72.5069
83.6942
88.0059
116.308
79.3788
78.7298
87.9768
81.3792
77.6782
80.6082
83.2322
92.207
83.5443
90.4668
96.801
72.0009
72.1242
77.9368
88.9286
90.583
62.3098
89.1165
93.0049
84.1613
96.7032
87.853
84.8346
76.1399
93.4341
75.3029
82.1083
83.3787
87.3227
99.6463
98.9767
88.6523
80.3119
78.5584
66.8783
69.3443
82.8583
75.3507
91.6498
96.0377
106.133
90.2187
92.4949
93.2214
93.1017
77.999
88.1484
102.397
87.3689
75.1251
64.9034
83.0036
82.5215
103.27
66.0657
97.182
107.937
85.414
97.8737
66.3337
93.5052
102.171
72.1859
93.9534
76.2556
69.2224
79.0501
95.9707
85.2887
95.7838
83.3719
101.998
89.9314
99.3733
99.4453
86.1924
71.4106
86.7071
86.0776
82.4088
91.7756
87.8412
90.3067
77.4041
80.4781
80.8343
78.6487
94.3392
108.158
89.0794
94.3753
81.0647
88.7454
97.8073
80.8508
94.1696
101.687
87.041
85.7175
92.9501
91.8072
72.3006
95.0217
95.5287
76.1955
75.1196
81.8245
81.6813
82.1065
85.7833
80.8868
87.0933
66.0943
80.6908
67.3558
79.3312
81.447
87.175
74.7549
102.516
100.341
89.2555
108.215
82.43
88.0343
87.8098
90.0729
81.5279
87.539
121.532
101.683
103.931
82.8645
77.301
86.1136
106.233
86.0134
91.1401
83.5925
96.5275
90.2923
85.565
90.5771
83.808
105.887
83.299
92.6771
72.0005
80.2994
92.0467
83.8971
98.3711
88.3852
79.1437
82.7774
103.071
97.5202
69.163
73.5957
82.6096
71.6719
80.8083
97.0327
69.0465
85.2261
70.1141
87.7825
68.658
80.2631
69.6416
78.3345
89.6909
85.4556
97.4804
79.9304
87.9056
80.2233
91.4294
86.8091
79.4843
104.21
78.6647
87.4363
80.0272
94.4863
72.1287
80.7255
92.7653
92.0639
87.4955
80.1155
76.4504
83.9484
75.8296
85.8463
80.0976
70.4766
100.127
78.5966
78.9241
86.8298
82.0553
93.4199
89.5014
79.5984
81.9382
81.4149
81.4881
84.584
90.4117
79.8123
92.4771
92.9574
92.9516
75.3341
85.5164
80.9468
90.547
75.3182
88.4146
96.5011
91.1932
93.7441
88.1673
92.5903
74.8888
75.8296
75.4263
83.2013
88.6935
80.5337
71.3098
90.8495
77.6377
93.0224
76.7173
68.8557
66.3265
79.7369
73.8895
82.9795
71.121
88.522
93.2142
105.121
72.0393
87.6135
88.5923
90.2152
90.8265
87.047
95.5425
79.6283
81.6784
96.7369
75.9327
77.1249
75.9341
95.6966
99.0256
79.2304
81.3393
79.2926
81.8155
75.3587
82.5443
76.9693
73.1069
80.5207
79.699
80.9658
101.951
89.6752
93.1709
69.5933
64.061
94.9085
85.896
85.9622
83.9492
63.3115
95.6514
92.7432
78.1195
90.832
84.4868
93.7256
91.6039
99.8994
87.4299
93.4253
90.7883
87.092
97.1102
82.0094
70.3759
87.0626
93.9185
96.8851
81.9809
84.96
86.087
77.1687
81.8064
89.9458
81.4234
100.597
81.9261
87.9352
90.6617
97.8723
88.5594
81.434
107.687
75.9827
79.1749
79.5039
82.0865
77.0672
85.61
67.8223
91.9616
90.0828
69.5908
95.2189
77.1775
96.2696
82.2026
103.515
75.4036
101.173
92.0101
78.6087
93.6612
84.2349
74.6738
77.3305
81.1976
78.9459
93.855
87.9985
87.8529
82.3558
86.1037
83.3645
93.6522
87.0839
73.1525
102.196
95.8038
82.8604
83.8441
76.5153
80.9835
90.4478
99.8675
80.0518
80.323
86.6063
67.9299
68.9652
75.2344
78.1674
84.0181
89.5715
84.2895
89.5461
85.9889
91.5411
84.0471
77.0214
80.0566
77.0151
88.1564
81.4606
70.3973
87.8642
90.8249
80.648
89.8707
88.9484
75.5097
82.5858
78.1705
86.9463
92.5766
87.7575
97.7454
103.251
96.3074
88.5799
98.6903
92.4209
102.469
90.7926
96.9146
92.1105
72.1406
85.5184
83.3604
95.1441
82.5521
93.2154
86.1975
75.1608
93.0972
104.577
79.4553
62.8347
79.0773
78.152
91.197
86.4313
83.7134
74.6694
71.6244
83.1866
71.5081
79.3816
87.8728
79.4801
103.711
91.9785
73.0856
83.4246
78.3719
88.523
101.522
91.6068
80.292
89.0265
57.3969
83.086
70.128
89.1302
73.2832
80.8624
96.7353
91.9109
86.7626
94.1615
102.775
96.2018
87.2812
104.538
83.4222
83.7269
98.6782
111.502
98.1377
83.1361
99.0358
84.653
96.3901
88.255
77.3808
92.507
62.5632
68.3878
73.6839
69.1294
82.4329
87.3755
84.5624
97.9887
94.2404
95.7881
74.083
73.1663
88.1945
69.438
94.9753
73.3035
92.138
97.9547
78.5808
94.5035
90.5639
81.0765
77.2808
97.9182
104.191
87.2448
80.4097
85.3417
88.4391
99.8837
87.7084
84.8823
87.6563
98.5739
115.693
90.8847
74.642
87.6091
98.0219
92.7163
93.2461
83.085
97.8861
84.9155
90.808
97.9479
87.5208
93.8604
87.3587
88.5753
80.236
79.2555
91.3714
79.7151
79.8511
83.2487
97.4509
80.0416
86.7033
74.2423
102.547
111.363
72.1093
91.9479
89.5129
79.4765
79.9144
85.3814
93.4929
81.7495
83.1943
94.1663
76.9923
63.9871
76.2118
87.213
94.0499
80.8762
80.9356
92.9972
88.4121
78.5289
101.201
85.5832
82.5217
89.6002
85.5653
104.532
95.7051
97.7996
87.5136
83.0307
95.1107
94.2651
72.0418
101.743
87.6805
78.265
90.8824
69.8296
78.5889
66.0982
98.5604
85.4052
94.6901
92.8763
94.4554
82.3472
82.765
74.6179
70.0777
96.9853
102.109
94.2688
100.029
82.6547
70.833
87.7811
86.2105
76.0063
80.8287
94.4147
91.5022
80.4897
111.378
86.1598
95.8083
82.3035
96.2615
85.4547
77.1411
90.3159
78.7759
84.3208
84.1144
91.9013
102.368
84.7474
74.474
68.6161
65.6748
94.1826
94.5176
72.2044
80.0401
73.3962
74.5284
73.0979
88.3142
86.6206
85.7061
82.59
93.8236
80.3731
93.705
84.0077
101.135
57.7058
103.71
113.121
80.1224
77.5483
77.6461
80.9286
83.9625
72.7385
73.1663
76.8629
79.709
98.182
84.7937
86.6261
81.551
96.2039
81.1601
90.7577
73.0317
63.7523
97.7749
82.0917
100.376
91.5716
85.8008
99.2216
89.8504
88.7781
84.5306
73.096
82.8896
98.9968
83.4605
78.921
84.168
74.0553
87.9401
75.0026
99.544
96.6906
84.2761
92.1145
74.4319
79.2575
101.476
81.9077
85.8303
73.8004
59.8678
76.9358
87.6568
71.2066
67.7999
83.0629
90.1685
105.223
88.3026
69.6863
76.3584
73.2518
96.0347
78.1894
87.2613
72.7228
92.9979
70.2613
72.1957
85.7802
91.043
102.597
92.4351
70.82
89.8446
84.2368
84.1084
91.0214
86.3958
106.725
77.276
92.5472
93.2943
73.4588
84.5104
85.8479
77.8538
81.9737
82.6221
70.937
87.9569
74.7429
91.5549
92.8781
92.5968
76.6143
73.5665
79.6543
81.5676
81.3943
99.0501
75.0029
87.9364
83.8808
53.6672
80.3255
100.416
100.194
89.204
75.8461
87.791
82.5412
98.6835
83.1185
64.0515
79.6981
77.3178
91.5461
92.9053
73.6729
64.8092
92.5218
104.744
64.3572
69.798
84.3563
99.7034
76.4257
93.0119
100.264
79.8516
80.6346
87.8334
73.9684
82.0934
73.3922
83.4686
69.2195
71.2317
74.1373
75.3676
92.8622
90.8638
86.6767
79.5711
99.6274
79.1671
87.4318
90.7803
82.8227
79.9981
84.933
81.7595
102.486
94.0567
71.2065
101.779
85.5433
74.5223
95.7285
96.0341
92.2582
75.5871
85.6941
77.8268
84.4848
85.5028
78.9553
82.8925
79.8672
91.3212
75.4972
84.4962
81.7186
80.7498
88.8529
78.3166
82.9643
87.9575
89.2367
95.5451
90.6885
96.3027
69.5254
97.0949
86.0753
65.109
61.3693
65.8402
89.796
98.4809
76.2886
78.1778
84.2443
71.031
93.9917
94.6309
88.2003
78.2922
95.9027
66.8886
102.365
74.0957
94.3092
86.1916
76.3991
78.943
90.8909
77.0842
83.3942
83.9973
76.7743
91.5668
67.5514
92.4469
79.3214
78.2827
85.3479
83.4188
80.0981
82.533
89.7783
89.403
69.0124
84.5633
108.544
88.0238
77.1924
91.0727
79.7015
79.9811
86.7969
75.8523
96.1506
76.8072
76.4751
94.3474
84.3794
78.8695
79.8738
91.1113
86.58
84.5756
86.9347
87.3784
83.9904
83.9627
76.6923
89.4876
91.7717
78.3658
88.7155
92.4591
81.1745
103.514
79.0619
90.1478
74.0721
77.8632
83.0915
72.9787
81.1981
90.9124
90.53
88.307
78.287
69.1129
93.0152
93.2686
88.0017
74.0474
86.3408
93.7459
83.1541
92.8862
85.3453
93.7359
70.4209
97.7806
76.9956
115.746
88.8601
72.1357
84.5321
94.7104
90.5824
76.8689
81.4488
86.4429
82.4573
81.8626
114.859
113.858
74.9763
100.655
105.355
81.6584
85.6609
73.3606
82.6391
73.6811
107.845
74.7213
72.5047
74.7206
82.8572
77.7028
67.8911
91.9984
102.576
84.8702
94.789
73.4574
87.7523
78.9629
105.636
80.9237
82.19
88.8813
81.3704
86.527
86.2462
87.5727
91.9437
89.1104
84.6525
86.765
88.7553
93.7663
77.7469
83.2589
83.9933
67.4954
78.1863
87.7491
82.4023
82.3902
93.969
77.2482
83.8688
106.7
96.3455
94.7952
88.2636
79.6716
57.5434
88.3049
84.9158
88.8055
89.6305
84.0942
96.9375
89.7498
91.651
91.9494
79.7229
73.4558
84.1854
90.0578
63.9692
101.497
88.1254
84.3643
79.5369
95.3307
77.3607
72.4811
76.6344
105.01
96.3275
85.967
73.3583
87.3025
86.7711
96.5429
67.8495
85.3118
81.0355
91.9027
81.9975
82.1417
88.8537
103.216
89.1614
63.9121
80.3819
98.7551
76.4919
83.8252
71.9663
83.7112
87.5096
79.1306
93.3335
83.6638
86.9838
85.8184
97.3823
83.3938
77.6506
86.6078
83.5932
92.9556
93.0751
83.8721
103.004
91.849
87.4065
78.1374
73.2464
72.9383
100.971
86.2372
85.7282
74.2229
68.8353
100.531
75.8986
84.6343
69.1639
92.3058
101.278
82.5269
91.0442
84.6747
96.0754
89.9327
98.5365
78.9388
93.9185
74.5325
93.1257
81.201
77.3147
83.4525
92.203
94.4038
80.6905
90.4695
83.314
90.3412
95.0145
72.0883
71.4892
85.221
83.2198
76.6805
90.41
83.4111
98.3215
76.1329
94.068
86.8881
93.7033
87.8756
80.9414
89.8066
87.8314
77.9523
73.7973
94.1565
84.6412
87.9493
73.4685
82.9872
87.391
83.5791
81.2527
86.8469
77.8814
76.3564
67.0189
84.7371
100.467
87.2758
71.6259
88.5389
73.1127
70.8223
86.8237
79.0396
81.573
98.3398
78.3176
86.0167
78.0047
86.2686
85.9201
70.7443
106.291
80.5055
70.7092
96.9676
71.7584
88.6661
66.5883
77.7469
86.5026
96.8852
82.817
94.69
59.4424
85.0354
99.9405
85.3732
74.2338
75.6328
87.7571
80.945
95.4454
88.979
90.0493
91.0288
90.7946
94.584
99.6536
83.9603
98.169
85.4909
70.2765
82.5341
83.7115
78.5972
82.7944
74.6259
80.1958
75.2533
81.3606
107.427
91.7129
71.3599
83.2155
73.4796
92.7424
81.5916
83.6113
69.6025
64.7036
65.4264
80.1973
94.3465
87.0621
101.916
77.4973
93.988
93.2071
83.4013
85.719
72.6246
83.8626
75.1135
83.6433
86.9242
84.5696
107.936
90.2339
77.1493
78.822
98.6437
79.1157
92.6349
90.2464
83.7505
83.2909
78.9519
83.3905
91.6042
88.6776
80.01
73.2448
94.3859
83.3803
104.675
86.3642
88.5883
80.0508
77.8038
87.2446
93.2254
93.5121
93.8974
98.9395
71.3278
86.1588
98.2526
83.742
106.998
83.5116
68.2972
91.11
88.3662
89.4704
83.7843
97.9697
78.7329
86.4053
69.1894
99.1092
96.3205
73.4829
105.17
77.3613
90.1146
74.3888
92.6468
84.0304
71.7137
87.6884
92.3613
89.2237
91.9241
75.8655
90.248
82.5277
74.8405
77.116
85.8099
95.6992
72.7253
81.7081
93.1422
103.355
80.9746
85.4679
92.5624
109.439
95.9537
88.0513
94.005
93.1921
71.9792
79.8861
80.6815
85.139
73.3238
81.0538
89.2282
88.8046
92.611
77.0592
87.4848
90.046
93.3501
81.1885
85.8492
93.8882
100.214
100.6
71.9783
79.031
94.1165
79.0318
79.2139
96.4411
100.325
89.3442
81.1463
118.018
81.897
71.4165
84.9911
72.6353
82.8641
87.7667
98.7928
94.6996
90.5206
98.2826
69.3334
84.0968
54.4838
83.4414
74.7816
91.9516
77.8595
86.3256
99.6314
93.9791
85.9116
79.6531
80.7114
81.2165
98.1306
105.906
85.3613
98.5198
70.5296
80.9956
90.2783
86.665
104.91
93.9046
96.8008
80.9105
100.506
93.8332
76.1805
85.1159
78.8821
80.3052
78.9437
92.3925
98.0496
92.5141
95.3719
68.1076
73.2404
75.6538
74.5678
100.964
87.2923
93.1369
85.8665
106.227
90.6461
91.0019
85.2123
83.8751
86.2729
85.3593
77.4877
83.855
70.3349
77.5035
88.2171
81.998
91.2683
89.7863
88.8008
87.8733
77.2808
87.393
80.0669
97.5365
90.7242
79.0286
59.6154
74.1181
66.1117
94.4935
80.5982
67.3466
87.4434
86.4595
96.0378
79.4025
94.487
87.9804
87.6763
68.7904
80.9663
111.285
114.521
87.6897
78.2732
74.6156
77.9044
102.191
93.3513
91.1039
75.0104
73.6655
88.4267
80.8283
75.1066
74.9348
91.1133
81.0388
80.8801
97.8646
90.9746
105.649
99.2342
90.7576
92.7219
78.1962
95.1763
85.2799
78.1319
98.086
93.2391
87.9099
94.8617
95.4546
81.3212
75.1078
79.5229
67.856
81.7802
89.2234
96.3302
89.1706
96.1863
77.8787
65.7925
96.4364
80.9609
95.4918
76.2498
95.5755
74.4884
78.3763
68.9957
98.4799
84.9745
81.7171
66.9823
83.185
87.9817
102.114
75.2573
97.2283
105.867
87.3277
78.1718
85.854
87.0711
91.4953
88.3504
66.7371
76.4967
105.651
72.34
78.5888
69.935
75.2081
90.8072
72.4729
89.7966
87.2641
69.1236
81.1136
107.13
83.4453
89.3421
94.5987
97.3679
84.4464
93.1101
69.624
82.8349
87.8157
78.1156
82.4388
70.1939
83.0694
88.3149
94.6809
88.3783
81.1303
89.4548
106.78
78.1093
84.0446
87.1204
77.1781
86.4229
73.2382
91.5322
79.8363
110.277
93.9096
88.5969
86.7601
77.1428
89.8081
92.9502
90.1871
85.0705
80.5087
101.009
70.4072
94.2521
88.1907
95.0909
88.4393
76.508
104.698
86.6195
87.4234
85.7882
77.956
93.3823
86.3719
89.0203
87.5293
77.6493
66.0512
87.3227
103.709
91.2928
89.6228
83.8637
97.3939
83.3504
103.291
78.2917
107.429
73.7106
90.6278
94.922
101.992
96.2727
87.6409
71.6905
64.2348
77.2156
92.6071
71.1985
77.8077
88.6761
91.5211
106.008
83.1624
83.1541
88.1961
82.7954
103.512
87.9256
83.9407
89.2359
81.6803
89.7472
90.7481
76.578
78.3354
89.0242
71.3579
105.168
75.1887
82.8369
76.7685
80.0021
67.2223
87.9218
89.014
52.8627
95.9293
109.964
81.2741
92.6741
90.5416
77.5805
78.6301
98.7907
73.6004
78.7277
73.3998
98.2478
83.0179
92.3038
74.0895
103.217
75.7083
83.9266
88.8409
78.2372
87.6332
89.0591
84.4612
76.5228
76.5776
85.661
78.8531
79.6043
100.586
99.8773
84.2221
69.6378
107.415
89.7409
79.5716
95.7568
84.4616
72.19
105.369
89.2874
104.84
86.2174
75.2794
85.3372
94.6614
113.054
94.5151
81.4939
78.7044
77.7397
81.222
85.1504
73.3339
85.9698
92.2673
78.8347
79.3654
85.7612
101.126
72.9329
86.1031
77.4922
86.3688
98.0637
78.5493
91.3587
107.567
95.1878
73.5232
93.2785
87.5011
70.7157
92.9133
77.4449
77.2215
78.8644
81.3014
77.4916
90.0909
72.7187
84.3459
81.1121
81.4315
68.7004
72.1986
91.9737
72.0451
80.202
75.449
84.7145
84.7231
82.4641
74.8405
76.2647
95.043
102.206
84.9591
74.7391
81.8935
71.3892
89.2176
83.1625
76.6817
73.418
107.855
95.5803
87.5047
93.3465
92.2097
87.4327
79.333
82.9165
90.3608
85.8271
82.4433
94.565
77.8617
91.7551
75.5064
75.7244
89.2405
85.2229
75.5746
74.7876
86.4123
98.0464
67.9818
80.6121
81.9827
70.014
81.9349
85.5987
83.4365
82.3469
87.2647
88.9454
82.1982
88.9004
77.7876
65.9032
89.36
91.798
77.7202
72.535
103.87
105.357
78.2264
90.8009
66.7857
84.6936
75.1448
88.0283
86.0907
78.0062
83.5008
105.713
85.5995
79.8207
93.1491
66.3195
90.4028
101.593
85.1365
88.9099
70.1846
67.9624
68.0988
85.5805
78.075
81.2103
80.9997
81.2325
97.2709
96.0292
73.8807
70.3184
80.476
84.7101
99.0543
90.0924
84.8656
75.9793
85.8853
82.9281
88.1945
65.6624
85.3384
114.048
91.8421
81.7148
93.8412
69.6795
83.4111
86.9516
89.0911
82.488
82.8756
84.4796
103.363
73.5823
85.6508
89.2007
78.4446
104.439
85.0183
87.4824
84.9212
87.8777
93.9597
90.7853
69.3028
82.3605
85.3242
78.3144
94.2121
84.1965
91.052
84.2141
87.4338
83.026
95.0151
100.587
85.5145
75.3286
82.1426
90.1904
92.1009
78.7967
68.8895
73.959
92.436
91.6336
94.3737
88.8698
71.6268
60.7636
76.0422
98.309
73.5909
76.5863
78.5509
97.8768
82.877
95.3095
91.3162
72.6298
93.196
67.202
72.8783
106.56
89.614
84.6237
92.5303
85.9742
81.5455
72.3729
77.4483
75.4823
82.4254
99.2115
99.849
93.0697
81.5555
85.7813
95.6449
82.0245
91.8001
84.724
83.2304
84.0246
96.7079
101.384
88.2282
85.3822
69.2182
105.381
73.4992
77.6447
97.3331
104.625
67.9603
110.068
79.39
85.0067
74.0182
96.9475
90.7861
72.9997
78.1654
91.9519
64.7435
77.6401
100.842
101.291
76.8413
89.2228
74.7674
82.1166
95.1429
75.725
76.3543
77.9771
94.0618
95.081
78.2263
71.4702
96.1243
97.1325
88.3495
121.358
74.1941
97.5146
85.5371
103.634
87.4648
95.1737
92.4998
81.4359
78.7682
85.4032
82.8183
85.4452
89.3188
80.9835
87.8215
102.219
87.34
75.2361
92.871
81.5715
104.481
82.5653
72.0729
75.5821
81.4885
99.6182
94.1135
91.705
81.3272
72.9715
71.2208
91.1392
77.8772
85.7517
80.1243
77.1218
82.8425
95.3481
76.6946
81.256
67.7046
81.6158
92.3924
112.59
81.7441
81.7393
76.7808
88.9815
66.24
82.6584
94.1462
82.1466
88.5332
86.3258
85.9231
106.194
70.0096
89.0716
78.4839
95.5489
88.8896
97.5796
78.6196
68.2316
82.9993
81.8604
83.5829
65.0009
80.1449
92.0759
90.706
91.6469
77.2183
89.013
85.0019
87.3375
78.5122
71.7853
74.879
91.8899
68.7534
88.5454
109.52
93.2078
89.2748
85.2186
85.2833
89.5347
72.1308
108.361
95.5941
84.9392
85.3452
78.1747
73.428
74.8494
95.0966
85.2806
82.5729
75.994
80.6397
95.5051
75.0121
80.7973
72.2656
84.4077
75.662
87.6195
81.399
81.0311
88.8922
69.8291
97.1051
78.2172
88.4211
77.8396
72.2773
73.6061
93.3295
90.7451
105.753
89.7395
91.3118
93.2527
86.4621
71.2423
85.9621
92.346
77.0711
92.8241
71.1897
84.5225
81.9694
78.0326
81.7905
91.3025
99.7041
97.5223
99.0445
76.0252
72.4776
92.7981
102.859
76.0022
89.4335
101.252
83.8159
69.9016
81.7664
86.0404
65.5704
98.833
79.4365
82.4061
86.4832
82.7165
105.543
69.2071
71.4699
86.3826
64.4982
84.8929
82.1094
101.823
107.629
76.4875
71.5575
84.9351
69.8812
82.7197
80.0671
98.9598
74.6244
69.974
77.3591
91.4533
94.7284
89.4014
79.2283
72.6092
89.0577
87.3825
85.5523
83.5324
99.046
75.8383
86.1545
79.701
85.0533
73.0277
76.0724
88.2002
81.6483
77.1337
75.018
79.9722
73.0261
79.945
79.8128
78.2701
84.6317
98.6783
92.2891
90.3151
79.434
96.7707
84.0189
95.5906
92.5318
75.0105
79.763
85.027
81.9402
88.9715
97.719
95.4478
87.6703
71.1829
85.018
81.704
67.4589
70.5062
86.2814
73.8754
70.4747
96.5438
86.6549
81.385
75.7007
85.517
78.315
93.9222
81.4597
71.6742
92.5021
78.2462
85.6894
102.797
87.4929
80.4717
105.33
95.5992
78.5143
98.9197
90.3388
80.8374
84.8922
66.9871
107.079
87.1181
93.1186
90.7958
94.2014
78.8842
71.2526
83.0996
95.6855
84.0314
87.9944
95.9338
87.8667
88.7335
88.1407
84.6042
80.1539
81.9399
76.5846
99.175
92.3221
96.5306
99.6595
73.9918
78.6138
83.8847
112.114
70.4496
84.2559
100.954
93.0302
82.3493
99.4166
71.0612
81.4334
75.8875
94.0779
83.3419
87.4611
85.9637
85.9934
87.8598
87.1998
88.2745
83.8234
84.3826
85.6808
76.072
78.8805
82.2044
77.0046
77.591
81.8709
96.7362
72.9057
88.6854
76.7669
100.703
82.1682
70.8787
95.282
75.7231
90.1005
93.1445
70.589
78.1911
87.3139
88.7043
97.7563
98.5322
111.041
95.1917
73.7358
88.4512
91.213
99.3662
85.0304
92.4783
72.8357
78.1021
70.9445
80.9707
95.6909
79.3224
89.7197
64.5876
62.0378
81.0561
76.7816
98.9249
71.5833
80.3038
89.7985
85.5037
107.031
85.9581
91.5975
64.6173
86.7523
103.136
88.1593
98.8833
87.695
91.0305
89.9851
77.9646
93.3011
84.3315
91.6192
79.7469
87.8457
77.4096
76.5793
89.2772
89.9283
97.4381
85.9363
90.7572
76.6242
78.162
101.907
65.5621
85.3827
82.5479
86.553
100.362
96.0657
76.4187
85.3693
99.697
77.632
90.5932
90.9414
100.142
79.6945
82.2541
86.653
95.07
66.1612
100.803
79.9183
83.8635
87.7074
98.37
87.2059
68.5238
89.9457
86.1149
77.6003
86.1472
86.3306
79.4202
83.1237
90.77
85.1609
86.5536
68.9637
97.5093
76.0043
89.5726
75.2111
76.5468
78.0925
82.9738
71.4369
75.843
75.3336
93.5959
94.7372
84.0148
71.6321
79.5835
105.422
70.5305
79.278
75.5509
86.9216
90.1746
72.7159
86.2171
112.098
94.2804
77.9467
84.8102
92.7198
77.6638
85.0645
86.4739
83.3671
85.0194
85.0609
78.0695
84.5509
90.2383
73.3539
89.726
86.5088
86.1605
84.2936
88.2128
99.1248
79.869
89.9431
78.971
77.6835
68.9284
113.945
90.5629
89.9504
86.7569
87.9198
91.2509
106.627
91.5504
90.4821
101.223
91.3485
94.5653
73.1884
104.45
67.6016
94.1035
102.731
78.9404
99.5106
71.751
74.1525
87.9973
85.6977
93.6655
88.8355
92.7972
74.2963
72.9775
97.3206
70.7547
88.6982
90.6048
87.9533
67.6695
69.6092
71.4348
87.0162
74.4322
94.9807
72.1691
97.9358
71.3279
83.6761
94.4457
91.2479
103.492
95.8945
84.6718
103.223
71.8061
77.7504
92.8627
86.6281
92.8857
88.5556
85.6311
70.0553
77.0947
82.6485
84.6638
81.3729
72.0146
99.7794
87.0567
82.3787
94.3077
88.7196
85.9152
91.2486
83.7768
84.7696
83.2989
83.1128
68.2354
93.8547
86.2713
88.2561
79.5082
75.757
87.4946
75.7013
71.8858
97.3513
85.9527
81.524
77.3594
80.5741
83.5031
90.5085
77.0871
78.3643
88.3357
79.4166
94.7255
81.7653
81.9855
106.152
98.245
72.3372
84.3642
77.6597
90.7857
92.4749
85.3819
91.6555
84.3044
86.42
86.7651
73.1085
74.8645
89.8125
86.7482
89.0511
72.0378
98.0197
69.924
73.557
107.294
98.6351
79.4004
75.1543
70.4796
98.0883
95.7939
101.351
81.7131
95.1401
84.2541
89.1485
85.4817
85.0653
87.2553
98.1369
93.5479
76.5879
89.6799
87.5413
84.7932
91.0489
77.9842
83.75
84.2215
96.4716
91.4339
64.8192
95.7582
69.9758
70.1359
71.307
71.8471
84.4035
86.7307
81.303
86.6397
98.4593
93.6079
89.2078
73.4907
89.8265
80.7595
80.6083
88.0168
90.2497
81.2211
102.155
83.099
90.2626
99.7508
64.4257
69.5079
71.3009
88.591
79.691
81.8383
80.8879
80.9221
96.4397
81.4868
85.2094
78.4634
89.721
70.2986
82.1226
96.5292
101.823
84.244
88.6167
84.4809
85.6801
98.1888
79.7327
67.5477
94.1649
66.2365
84.3694
79.2051
93.0357
80.7484
93.1464
80.5963
92.3364
90.6285
72.5364
85.6615
78.5556
78.2314
72.7777
101.323
88.9536
66.4876
78.2554
89.7475
103.201
67.2104
78.7931
94.7257
99.8404
94.068
87.3889
63.309
83.4402
89.4679
106.335
81.4166
98.1675
78.5257
64.7032
87.333
94.2092
88.3015
68.8905
85.612
91.0385
86.8099
81.5877
79.5596
78.8262
95.6316
77.1591
83.5902
103.74
88.1084
95.9225
77.2183
87.6297
97.6116
86.1811
96.946
87.7361
96.9992
82.6959
82.6651
83.3172
86.0392
92.4592
79.5605
102.675
80.8549
89.6055
80.0258
92.6515
