4, 3.4641, 4.47214, 4, 3.4641, 2.82843, 3.4641, 0, 
0, 
0, 
9.16515, 7.2111, 10.198, 9.79796, 9.38083, 9.59166, 9.59166, 8.7178, 7.48331, 7.74597, 10.3923, 10.583, 10, 10.198, 10.198, 0, 
0, 
0, 
2, 0, 
0, 
4, 3.4641, 2, 5.2915, 5.65685, 0, 
4, 0, 
5.65685, 4.47214, 3.4641, 6, 6, 0, 
4, 5.2915, 4.89898, 4.47214, 4.47214, 6.63325, 5.2915, 5.65685, 4.47214, 8.48528, 5.2915, 4, 4.47214, 6.63325, 7.48331, 6.63325, 5.2915, 0, 
6.63325, 6.9282, 8.7178, 9.16515, 8.94427, 7.2111, 6.32456, 6.9282, 9.16515, 6.9282, 7.74597, 7.2111, 8.48528, 6.32456, 6.32456, 8.94427, 7.2111, 8.94427, 9.59166, 9.38083, 9.16515, 7.48331, 0, 
4, 6, 5.2915, 6.9282, 7.48331, 6, 4.89898, 6, 5.2915, 6.9282, 6.9282, 6, 6, 6.32456, 7.48331, 6.63325, 6.9282, 6.9282, 7.48331, 7.74597, 4.89898, 5.65685, 7.2111, 8.7178, 6, 7.48331, 4.89898, 8.24621, 5.65685, 6.9282, 6, 7.74597, 7.2111, 6.32456, 8.48528, 6, 6.63325, 6.9282, 4, 7.2111, 0, 
8, 4.47214, 7.74597, 4, 5.65685, 8.48528, 8.7178, 5.65685, 5.2915, 8.48528, 5.2915, 8.24621, 8.48528, 6.9282, 5.2915, 7.74597, 5.2915, 4.89898, 8.94427, 9.16515, 8.24621, 8.7178, 8.7178, 8.7178, 6.63325, 7.48331, 4.89898, 8.24621, 5.65685, 8.24621, 8, 8.24621, 6.32456, 8.7178, 6.32456, 8.94427, 9.16515, 6.32456, 8.94427, 7.48331, 8.48528, 8.94427, 8.24621, 8.48528, 8.48528, 6, 9.16515, 8.94427, 6.63325, 8, 5.2915, 6.63325, 8, 7.74597, 6.32456, 7.48331, 9.38083, 6.32456, 8, 6, 6.32456, 6, 8.48528, 8.7178, 8.94427, 7.48331, 8.94427, 6.63325, 6, 8.24621, 9.16515, 9.38083, 6.63325, 8.7178, 7.2111, 8.7178, 8, 8.7178, 5.2915, 8, 5.65685, 6.9282, 8.94427, 6, 8.94427, 6.63325, 6.32456, 8.7178, 8, 8.7178, 8.94427, 8.48528, 8.94427, 6.32456, 8.7178, 6.9282, 8.48528, 9.59166, 8.7178, 6.63325, 6.32456, 6, 7.2111, 8.7178, 6.63325, 7.2111, 6, 8.7178, 6, 5.65685, 2, 6.9282, 5.65685, 9.38083, 8.7178, 5.65685, 8.24621, 6.9282, 8.7178, 7.2111, 9.16515, 9.16515, 5.65685, 6, 7.2111, 9.59166, 9.16515, 9.59166, 6, 9.16515, 9.16515, 9.59166, 4.89898, 8.24621, 6.63325, 7.2111, 9.38083, 8.7178, 6.32456, 8, 6.32456, 8.94427, 9.16515, 7.74597, 6.32456, 8.48528, 8.48528, 8.94427, 7.2111, 9.59166, 7.74597, 8.7178, 8.48528, 6.63325, 9.59166, 8.48528, 8.94427, 7.2111, 9.38083, 7.74597, 6.32456, 8.94427, 8.7178, 6.32456, 7.2111, 6.63325, 4.89898, 7.74597, 8.48528, 6.63325, 8.7178, 7.2111, 5.65685, 8.94427, 8.48528, 6, 6.32456, 8, 6.32456, 6, 7.2111, 7.74597, 8.48528, 8.7178, 7.2111, 8.24621, 8.7178, 8.48528, 5.65685, 8, 6.63325, 7.48331, 6.63325, 8.24621, 9.38083, 8.48528, 8.94427, 6.32456, 6.9282, 5.65685, 6.9282, 6.63325, 8.48528, 8.24621, 6.32456, 6.9282, 8.7178, 8.94427, 8.94427, 9.16515, 8.48528, 7.74597, 5.65685, 7.2111, 5.2915, 8.7178, 6.9282, 7.74597, 8.7178, 0, 
0, 
0, 
0, 
0, 
0, 
